0.9965472013840406 0.07583011642592621 -0.033815216345112864 0.6376783368332938 -0.07518521503811781 0.9969699309325639 0.01995345223240358 -0.3130198627983983 0.035225826509938996 -0.017342152667684102 0.9992288981447356 -0.7038358503423909
0.9991549997014516 0.03410756318366692 0.02293383320042547 -0.7099461205343258 -0.032373968448097194 0.9968697912452202 -0.07212867300618356 -0.03714007369596255 -0.025322178786873484 0.07132526506353488 0.9971316331483535 0.7032759919577228
0.9384362507094377 0.09691123967725962 0.33158048039447363 -0.6968269947893936 -0.0746111849867845 0.9940492814937915 -0.07936748097643684 0.0887638780780401 -0.33729893926498034 0.04974170871506105 0.9400825431763025 0.7117254479652453
0.8725314771157457 0.4128785781245676 -0.261189779983924 -0.645217962652047 -0.19998633969455698 0.7896083761852328 0.580106952374899 0.7378348940174326 0.44575137170600876 -0.4539271879761726 0.771528238393292 -0.1982257547379396
0.9805660148313778 0.18239100898784893 0.0722759323572108 0.3950441735099388 -0.16923218695562894 0.9727135942939749 -0.15870957870875535 -0.5709535506679715 -0.09925098214085687 0.14339380501294297 0.9846763220612067 0.7196889216567707
0.886827680221026 0.28767527095609424 -0.3616346278692505 -0.6021127454151635 -0.23810915914856948 0.9551737318278682 0.1759180785353935 0.4941483962619257 0.39603117796879905 -0.06990050433553016 0.9155726216801612 -0.6271184930141842
0.9175051861792215 0.20828039118254804 0.3388266695274701 -0.6863792828365908 -0.19070113985883 0.9779804967088523 -0.08477749296628867 0.32055392954314765 -0.34902336396117606 0.013169157374383608 0.9370214857212574 0.6527853080049937
0.9651845354813215 0.24141097509417547 0.10069535029873428 -0.6528968893005987 -0.24378504884904867 0.9697575938937946 0.011792329837029714 0.43185340218993123 -0.09480328277740441 -0.035929795287445165 0.9948474191478962 0.6222766996751392
0.9678358746009499 0.22679700078711582 0.10888911915055227 -0.7015395097023566 -0.23296325208938565 0.9713225980523552 0.04754507007840428 0.4783891200889079 -0.09498338281695162 -0.07138298779675703 0.9929162230731535 0.5281914104821639
0.8472897074226421 -0.0721810320809167 0.526203430531754 0.6979122575576889 0.3975140348770357 0.743241082212677 -0.5381219989808139 -0.6748751870481261 -0.3522538059005629 0.6651184799109571 0.6584334923965414 0.2397122497026111
0.9755247085468659 0.16464082493210225 -0.14575644678788394 -0.30704423353420945 -0.1615735296912466 0.9863180779723674 0.03272069021286672 0.6001109545339415 0.14914937987690147 -0.00836945820058621 0.9887792547640573 -0.7386411042595391
0.9908512235149557 -0.054908662505011585 -0.12328378498742462 -0.660839436441671 0.06585897330688811 0.9940658475672416 0.08657763184209386 0.6598224664328921 0.11779833824752226 -0.09390489594442405 0.9885875894546671 -0.3576668170712373
0.9943046164436885 -0.09064576260811968 0.05605065066492687 0.5848372818788522 0.09385990465213506 0.9939150618380517 -0.05764692663233767 -0.5864061250464935 -0.05048413629509135 0.06257951400142409 0.9967623369740073 0.5604401932699975
0.9775140036139982 0.21083692043063829 -0.0037637377508191183 -0.6759015135543109 -0.2107685660669324 0.9763308460053965 -0.04852515529573734 0.6460300800899071 -0.006556241043572164 0.0482272964379194 0.9988148695237108 -0.3546861705705763
0.9510230572412335 0.05905816259056676 0.3034259020369949 0.6409736065553274 -0.0036470517271568748 0.9836551606976224 -0.18002561997292096 -0.3201974114074874 -0.30909843676284976 0.17010190552830767 0.9356941263716481 0.6975861620096836
0.9721053095795649 0.01838561736326144 0.23382308731472656 -0.510526945362717 0.07522586104562062 0.9198153449460329 -0.3850724620532558 0.6151756228852497 -0.22215385865918255 0.39192052801044086 0.8927743067577896 0.6007671687653696
0.9945855784030335 0.009336726162203879 0.10350049650738385 0.665397313769016 0.003594328474502778 0.9922692448500736 -0.12405170908730678 -0.3842366873964152 -0.10385859634869099 0.1237520556162057 0.9868631215600485 0.6400067053458167
0.968717436249912 0.06785937122327443 0.23870826220007357 0.6386979280997236 -0.12818777315856192 0.9604552135112723 0.2471713528135198 0.48381455788457256 -0.2124957023519451 -0.2700386797779127 0.9391084537505535 0.5983213436106687
0.997866339524397 0.01980966564865111 0.062212101644854106 -0.20745790821802781 -0.004729081954829711 0.9722867583563566 -0.23374365298067984 0.6788582631069697 -0.06511838625185298 0.23295071725963118 0.9703059100614497 0.7043526637482026
0.9313769057834603 0.03451436571156109 0.3624166358388592 0.706388620996308 -0.045065605783997355 0.9987695926896798 0.02069763014966374 -0.008433514458962678 -0.3612563501843933 -0.035609819966120795 0.9317863436289631 0.7077739695416928
0.8874812851225504 -0.044965073488515764 0.4586448634002117 -0.7074186941934351 0.02538917234170831 0.9984876622027117 0.04876246873125597 0.004585168976152917 -0.4601438454277418 -0.03163116493485605 0.8872807396308311 0.706779857757078
0.984712899190764 0.16384945029656361 0.059108914766169 0.16132165455159 -0.11288706442839125 0.8587445701753049 -0.49981423937215996 -0.6733583183312134 -0.13265374797592594 0.48550089683948533 0.8641133388138358 0.7215011426927178
0.9725399857390579 0.0708124678637694 0.2217015348023459 0.70398716839175 -0.08073717079191665 0.9960844928676345 0.03601655620883695 -0.024022534092389934 -0.21828303963246903 -0.05292709574187934 0.9744491968005002 0.7098063007578517
0.9732747165938946 0.18464542407492002 -0.1365371502825028 -0.7008650046663857 -0.1945507989889539 0.9788640009019633 -0.06304961816664706 0.5505013388870617 0.12200947771314108 0.08792801093163252 0.9886264978452545 -0.4535818791767808
0.9906222384562158 0.12898583940004205 0.045058117029704914 -0.7028498244980691 -0.13197242222033714 0.9886944401569816 0.07117993942094805 0.23440933169500613 -0.03536750555655688 -0.07645885976745505 0.9964452731152713 0.6716058289036319
0.9852253531635561 -0.03267041832263157 -0.16811795635913035 0.6885212711082587 0.008838219450763324 0.9900273824600241 -0.14059753858547291 0.29532474304126766 0.1710347606794777 0.1370343962148834 0.975688825852452 -0.6623607441410436
0.9793047191697133 0.11407128033060823 0.1671825649272799 0.6456810744076028 -0.10772641633195161 0.993089171252461 -0.046571634772421766 -0.23321831988569022 -0.17133968085707307 0.027597843119280638 0.9848254022002885 0.7271211490677046
0.9777861052500353 0.20752380903143663 -0.029465251823981964 -0.5365770688287215 -0.20783151019631546 0.9781338450083326 -0.007761740702587838 0.4352796657373922 0.02721021406541485 0.013713129996436701 0.9995356693566345 -0.7229223068924637
0.995857703121894 0.02461772172777854 -0.08752944024566284 -0.6764278085428508 -0.02834319966134774 0.99873318351178 -0.041577532218526975 0.29815996305102543 0.08639501238927155 0.04388617013774776 0.9952938791657961 -0.6734582810117695
0.9575447731647163 0.22981250431635403 -0.17405234915041456 -0.5875641234376864 -0.219778440623037 0.9726511237807358 0.0751480435232881 0.4403724779119014 0.1865621730743891 -0.033704662406224634 0.9818648335233544 -0.6788523267593882
0.9717617368273646 0.1037608173576434 0.21192644860785492 0.6593640561245938 -0.08822735227758967 0.9927600105983228 -0.08150764176998596 -0.2219081787259393 -0.2188494028969466 0.060508298092840404 0.9738807343374023 0.7183284775821296
0.9551519147591434 0.05189361515857737 0.291533655754726 0.6995931358672862 -0.046382694310518946 0.9985908284180893 -0.025787653397925138 -0.06272777013013127 -0.29246104937314027 0.011109010084073728 0.9562129075130252 0.711782741503247
0.9814292496486243 -0.014476438340746335 0.1912774442193973 0.7026435493503886 0.03427304037052924 0.994336673159431 -0.10059790809949756 -0.14579401609402046 -0.1887378781217433 0.10528538903001475 0.9763672465926438 0.6964453657161231
0.9366371730009717 -0.09869877976191745 0.33610914451448165 0.7152506564555644 0.14496084291811936 0.9826850707946003 -0.11539673157364325 -0.059400063994190545 -0.318899921877094 0.15680753333599629 0.9347268249685917 0.6963390918492012
0.9969782199165056 0.03275006208473463 0.07044048868060476 0.6322771225249748 -0.025016353292393517 0.9938362973579458 -0.10799813017732701 -0.4031639937515233 -0.07354325992275917 0.10590961942757973 0.991652429751795 0.661577232433115
0.981973915175826 0.18653574008699503 -0.03052290262175328 -0.5993301367779429 -0.18344008515304383 0.9794309766283076 0.0840517529856622 0.6614464138766872 0.045573732273143486 -0.07693750510066891 0.9959938028098261 -0.45087917308232617
0.9918957569565217 0.04834475167147739 -0.11749720131761587 -0.604676459734044 -0.043727417038303795 0.9981785147869962 0.041563994235215396 0.47459055904113845 0.11929258288262251 -0.03608930040122671 0.9922030246203359 -0.6396328480562289
0.9897536514162557 0.09779354371543791 -0.10403909032553771 -0.673169099401982 -0.09471554714739094 0.994918904983816 0.034137041968734017 0.6397269606401498 0.10684884012828158 -0.023933142572204358 0.9939871880712848 -0.37093500703012733
0.9747732857693261 0.08330974231533045 -0.20706648252632506 -0.5938738864748029 -0.03498961089879593 0.9732953391295647 0.22687421615912304 0.619960057926435 0.22043767481903487 -0.2139057494879904 0.9516572712149887 -0.5127995061806945
0.9940343458998435 0.06648542274593994 0.08646044028203698 0.4605047907116347 -0.05682145628821164 0.992328772796601 -0.109794939707067 -0.5656319707972516 -0.09309694558231685 0.10422713294668179 0.9901866811268256 0.6841021936404317
0.9963802909667304 0.0825668516378168 0.020224509479155717 -0.7009851646998165 -0.07847904059899219 0.9848802285208752 -0.15444084840265127 0.571397463909467 -0.03267041413443378 0.15229461736807334 0.9877950159628247 -0.4267607492595828
0.9414473578068487 0.20880731998640784 0.26471942807167964 -0.5673023642471651 -0.11233143405024293 0.934541515525249 -0.3376593026765095 0.6158467488062876 -0.3178970295594461 0.28815214536745104 0.9032772662463148 0.5467182176444297
0.9751698601753811 0.06649649643889488 0.2112391056761972 -0.6592524750377199 -0.057718144606823174 0.9972041336289725 -0.047460843402073155 0.4468174821494725 -0.2138044891686644 0.034090054776170664 0.9762814699545843 0.6047646747307968
0.9828944569091937 0.07016294682781671 -0.1702810837104889 0.6725269083639138 -0.07156325712891366 0.9974338693547667 -0.0020920069499989064 -0.14764620803192793 0.1696973388308794 0.014242091012732022 0.9853933103270504 -0.7251952528666114
0.9999171086352501 -0.011690625020331608 0.005394918456790854 0.5880569575920783 0.011795300832590866 0.9997344416814136 -0.01979689354978198 -0.3629349231572933 -0.0051620477322586455 0.019858887244422974 0.9997894667681907 -0.722818965011543
0.9937597876212404 -0.011313672475634584 0.11096614493664742 -0.6305046151245043 0.033005654972414145 0.9801174196863823 -0.19565395566445665 0.672034246010308 -0.10654628687490186 0.1980955437217639 0.9743746940016197 0.38837340601032067
0.9715153807192183 0.1452193798189796 0.18726771411800452 -0.661409220871211 -0.11236122853241437 0.9780420458463935 -0.1755241034139975 0.6548128978325425 -0.2086451996780139 0.1494827357308934 0.9664999184530382 0.3657292870125195
0.9938872688665052 0.07778313822338562 0.07834462453289626 0.6724447812940565 -0.06471125301101932 0.9854100934277041 -0.1574147436060137 -0.6053881197261116 -0.0894457965408253 0.15138273078170042 0.9844199908079134 0.4258206671885146
0.9908313414115251 0.10457892764907906 -0.08553654639045483 -0.602788691208751 -0.1007768986858798 0.9937681737426558 0.04763227422076122 0.5574809518478173 0.08998482965419041 -0.038575442291107875 0.9951957926378869 -0.5708421691480865
0.9650483548388309 0.21332492823568056 0.15223057451152067 -0.6981893081792133 -0.18022977056136485 0.9619320525694134 -0.20543601447407633 0.7059819238360117 -0.1902600920483946 0.17081920627621752 0.9667584476697885 0.11883271082086565
0.9961830764109754 0.06802689281817648 -0.0546957048210272 -0.5192297430953866 -0.061384960242672426 0.9914563639147989 0.11509198542405563 0.6145393582943093 0.0620577547802863 -0.11129519444409913 0.9918478788429604 -0.5939207447061582
0.9143643592719122 0.33243653220895025 0.2311358270501406 -0.688367297112379 -0.28412028669251266 0.933516604762434 -0.21868335858629365 0.6851157779986561 -0.2884674698870383 0.1342858916107893 0.948026275021566 0.2382579169796751
0.9240312009162412 0.034502603824672004 0.38075702234181696 0.6296033299703689 0.03608053477488837 0.9836047822636734 -0.17669133345580287 -0.32260836651247665 -0.3806107391333663 0.17700622203004446 0.9076366357849397 0.7067697565306359
0.8448408879807158 0.4245392196805186 -0.3255922679502868 -0.3719086743907134 -0.05976517325404512 0.6796414386521868 0.7311057645325332 0.6683401002620886 0.531669068182332 -0.5982089650112591 0.5995615365567482 -0.6442091650190982
0.9984274377168922 0.016462429611536045 -0.053587685389145504 -0.6958578703123618 -0.012902344433845081 0.9977285495278934 0.06611558791295948 0.702289578492251 0.054554386828111645 -0.06532021025877877 0.9963719631791923 -0.15023705357041744
0.9826192000747193 -0.026055549100617664 -0.1837950380330886 0.6783974383362344 0.06466978403003631 0.9761241398416225 0.2073631660926336 -0.47040525713664855 0.17400381225142114 -0.21564501380629694 0.9608433281979194 -0.5643543299355809
0.9948807674599397 0.04711855794201017 -0.08939854604962355 0.6526617200317706 -0.040467460932330196 0.9963766712041461 0.0748058399179802 -0.3139823737419988 0.09259936902599086 -0.07080515925841527 0.9931827557294671 -0.689527191765858
0.9955197816850885 -0.01728445949708929 0.09296026965089652 -0.5700492571537275 0.0329019803897293 0.9850325056287436 -0.16919935739001143 0.6100249804651235 -0.08864436789840499 0.17149988429923893 0.9811880379036628 0.5503756604602069
0.985788152130113 0.15685557018834295 -0.060150222117525076 0.7197942436006638 -0.13368851119650238 0.9493001538141836 0.28452873307001764 -0.6847837211829033 0.10173053176878853 -0.27244366035798384 0.9567786320966738 -0.11387494053673064
0.9931921268618944 0.1052702787030208 -0.049875520662292186 -0.6951301329560247 -0.09398665521833754 0.9771231829527492 0.19077943803554276 0.711632410267202 0.06881793211377178 -0.18479300245971583 0.9803650536721042 -0.10184994312139642
0.9981425598088008 0.023527090314351212 -0.056195251753814346 0.5839614494582821 -0.021214673466356387 0.9989174984588635 0.041397691993664276 -0.45663326911679203 0.05710838754552694 -0.040128634340415414 0.9975611884881663 -0.6711744058605735
0.9948522588730289 0.09980166397631912 0.01756732429229041 -0.7212389307831057 -0.10126254001709073 0.9724797954220544 0.2098307543835416 0.5748950267084056 0.0038575905070042382 -0.21052951185863936 0.9775798911761858 0.38640666788861716
0.9938307833805338 -0.09545260612898232 -0.05647277209788668 0.7064060140592194 0.09717383667366447 0.9948577021407998 0.028555173913807082 -0.707379469266166 0.05345670651428542 -0.033866686792675404 0.9979957054288022 -0.024593286923126564
0.9984303690227343 0.021455138914324795 -0.051734661758770895 0.6935151470517996 -0.012776026109877492 0.9866099117319125 0.16259660276029111 -0.43778819892690796 0.05453046277052076 -0.16168042270638486 0.9853354096669404 -0.5721697595032919
0.9767616428902094 0.030812969279256835 -0.21210198938863106 0.7027384277255725 -0.021353033509142014 0.9986784452622318 0.04674837888707399 -0.09977740161332978 0.21326214136216703 -0.041133002477421264 0.9761287492789135 -0.7044169023561847
0.7207276528742581 0.5443789500814973 -0.4291890132453646 -0.47973013247622426 -0.06641117228139481 0.6704993910533883 0.738931744339927 0.6617527901263381 0.6900298591934795 -0.5040655962324773 0.5194002966077547 -0.5761442916096203
0.9959896854766926 0.08942279412033982 0.0028478616100290344 0.4851415675095393 -0.08944267448338833 0.9959610110072213 0.007853186278936386 -0.5556681660950316 -0.00213410526852309 -0.008076412890907436 0.9999651079660323 0.675181863399019
0.9930690235698671 0.11752903383575858 -0.0009168596535206186 -0.7069498190949637 -0.116941963775966 0.9888294914914982 0.09241652376543111 0.6856709535765829 0.011768242613570318 -0.09166876764906803 0.9957200136099953 0.17342807357223797
0.986356950062869 0.10301913141172303 -0.12840181317196664 -0.6498213363698814 -0.05873919437078895 0.948890912121267 0.31008989654347036 0.7136704217016842 0.1537845054202313 -0.2983171055384583 0.9419964068062102 -0.26154686002053606
0.9340474790057998 0.2822530956457528 -0.21883440534180157 -0.6090159392321698 -0.1164325467591329 0.8199001859149105 0.5605418335787948 0.7313786353190882 0.33763703739088324 -0.49809323939909544 0.7986891484468932 -0.30689554828955473
0.992835658098871 0.020111912685380984 -0.11778313536121325 0.7122719493694649 0.008533570969340487 0.9712809729152871 0.23778235809084775 -0.6985721127628245 0.11918277633069906 -0.2370839147240245 0.9641507575090309 -0.06830573483614681
0.7811771900032374 0.568780066426867 -0.2573935388740273 -0.639211562098076 -0.22317281173010528 0.6394538650676198 0.7357259344039475 0.7475797550811825 0.583057539118675 -0.5172890782585028 0.6264630201307518 -0.18036931189339508
0.971770734298044 0.2196213784370405 -0.08618636838418506 0.7274532380174158 -0.1826254388748243 0.9315096503944662 0.31454366993751026 -0.6628040835158068 0.14936394825264235 -0.28992450975278683 0.9453222675929033 -0.1774895303186887
0.9122218930346109 0.29133252309160207 -0.288056554963487 -0.5241705431824644 -0.18857598808567472 0.9227642619752507 0.33607322645337684 0.589778867279515 0.36371735535421273 -0.2522528053567539 0.8967040802872402 -0.6143338907876503
0.9915360222511498 0.02515600534112411 0.12737147236977542 0.6872067397302952 -0.013011571843226322 0.9953639785913095 -0.09529558815101069 -0.2409434303638391 -0.129178231821525 0.09283170534982006 0.9872665591952905 0.6853416376040232
0.9688271688449785 0.2473174837106158 0.01442148254765915 0.7070765404683693 -0.24677148632704715 0.9685484911016572 -0.03190068840390311 -0.7069844414699957 -0.021857503145673925 0.027347442947233895 0.9993869955730286 0.014688956349615276
0.997333519672156 0.0729241872274203 0.00281308648452383 -0.6294955809851571 -0.07262410645563161 0.995547535771851 -0.06009029189574744 0.4042858484468456 -0.007182597014336156 0.059725764422191935 0.998188981788676 -0.6635422113669739
0.9796556719761803 0.1432231430538103 -0.14057700970886572 -0.6141672473768341 -0.13606567050570972 0.9889222683467245 0.059320152375065355 0.3934499857740485 0.14751575398827893 -0.03898561865299957 0.9882910623209705 -0.6841021129509568
0.9511303754494501 0.25183725758994946 -0.17868688980157743 -0.6622822831709141 -0.22569177610849028 0.9618950501031208 0.1543409692340606 0.6535616976297146 0.21074684124413967 -0.1064702224882039 0.9717251981033165 -0.366386796690719
0.9318100832072151 0.2526872231066096 -0.26053624721338325 -0.6275930795633444 -0.18323755048886903 0.94715929509217 0.26327413433784624 0.6286436915492866 0.3132953381782148 -0.19758146927071352 0.928874369372212 -0.45927555515124346
0.9496677009060003 0.22421117297238474 -0.21877067392650917 -0.47819478950319994 -0.13838271351745796 0.9267977079518142 0.34913641049711375 0.6152433543118403 0.2810364432870886 -0.30128949276337436 0.9111767990324005 -0.6267418593544761
0.7813884082224375 0.4311799881499912 -0.4511274468646072 -0.4759480270696899 -0.08479666445662642 0.7895657698118579 0.6077790888459709 0.594938566047193 0.6182569701933297 -0.43665743204528396 0.6535201648357778 -0.6477048542030387
0.9317086462639275 0.2830756613734295 -0.22756794241508463 -0.6429703481770926 -0.1956867293955658 0.9190728508992602 0.3420698739707616 0.6924570792245429 0.3059831734189097 -0.2741774328384843 0.9117022720749315 -0.32724963681697705
0.9161805464207067 0.3096449952263207 -0.2544271669683632 -0.5390664533660438 -0.2274936183646789 0.9244776430641406 0.3059211353893637 0.6011562144011492 0.32993917615766905 -0.22239843615876292 0.9174306925487806 -0.5899309830329599
0.9955675914803832 0.0917470144464166 0.020679848503263765 0.6778324866152842 -0.09190900793935321 0.9957426502184173 0.007022022187829324 -0.17139498472508333 -0.019947557583645525 -0.008891562077130141 0.999761489091411 0.7149593549986104
0.9841596210612601 0.14176925080840247 0.10644867212784193 -0.5598723570731539 -0.1281690222663153 0.9838087221455292 -0.12527210368504904 0.5325122431872176 -0.12248486438680273 0.10964432386405193 0.9863952454470478 0.6348020594177911
0.9941718392364617 0.06416096542188301 0.08663558498286156 -0.7023012845110324 -0.0542300864070858 0.9921730611895787 -0.11247983987355199 0.025558685651977518 -0.0931743086771814 0.10712603402456278 0.989869971782505 0.7114208735775872
0.8779774568221113 0.43749763042568507 0.1942972173863753 -0.578837296810483 -0.4102399615522081 0.8968178099477552 -0.16559284316103293 0.4877939249907997 -0.24669568147379584 0.06567830031617893 0.9668648310957211 0.6534557908253648
0.9952897839186059 0.034016990501628874 0.0907804515546558 -0.48931596491023893 -0.024104038880675194 0.9938433465725407 -0.10814063890662173 0.5433207669492053 -0.09390016686297203 0.10544309759631282 0.9899820765207825 0.6821821096200701
0.9641467899792939 0.26141637930524864 -0.04563380329928224 0.6341648765911986 -0.261521863935434 0.9651902712916473 0.0037489848882592547 -0.4129601443601365 0.045025349042062734 0.008319665551595301 0.9989512005642467 -0.6536809837130991
0.9454477863558001 -0.3251922142787579 0.019455257577222412 -0.2424034132518408 0.22038421451992007 0.594468247921899 -0.7733293607532987 0.751811349137229 0.23991515430534097 0.735430163907591 0.6337059197683877 -0.6132049254142672
0.8789585008868819 0.10756326754378354 0.46460961806014045 0.6894278182414023 0.4015458380703604 0.35866138459993535 -0.8426879322294991 -0.7202627276839508 -0.25727979642221627 0.9272497800874163 0.27205689052251764 -0.07688229018554742
0.9846161819286297 0.13102042271862785 -0.11560546317073425 -0.6460859421467062 -0.12508780392695878 0.9904958908325969 0.05719205847379952 0.6421392614887216 0.12200006390579718 -0.04185139274112529 0.9916473391950432 -0.4125895347862353
0.9984662032675108 0.01648690132346628 -0.05285284303906415 0.2720960474036934 -0.011618822474983803 0.9957717255598972 0.09112449472978884 -0.6390681486028179 0.054131727266515994 -0.09037064047695326 0.9944359725205684 -0.719413401618745
0.9883337726304435 -0.023268347102883905 0.15051557361673357 0.7111216485506601 0.05211654291867307 0.9802691308214381 -0.19067327319996497 -0.300528635712553 -0.14310911862030573 0.196293186793842 0.9700457540683516 0.6356009283185031
0.9987236921206322 0.0495817626443783 0.009624739477495314 -0.6747725221266996 -0.04834136430913871 0.993584677215453 -0.10223796603706195 0.3468151947795488 -0.014632132232323514 0.10164220587797557 0.9947134073141848 -0.6514608691646769
0.9967182606230189 0.006135897420807779 -0.08071591976471604 0.7053063544877063 -0.009115904594575175 0.9992883010703779 -0.03660316417060448 0.13349349693307422 0.08043388107038818 0.03721884074926224 0.9960648315592893 -0.6962201035562253
0.9955074409280609 -0.02322382977161841 -0.09179100602783635 0.7042885718765537 0.02278135456827153 0.999723264938623 -0.005865443247926358 0.07427686794910808 0.09190182229367438 0.0037479689431534693 0.9957610194157547 -0.7060173895958619
0.9866594411072234 0.04332082020820906 -0.1569281804217133 0.7116246545973481 -0.06731310472491972 0.986245141154745 -0.15096180802093204 0.2712774688222696 0.1482298661075886 0.1595112161734865 0.9760041386739 -0.648073210276885
0.9855551899488988 0.04428226837389056 -0.163462681589569 0.7043515755335992 -0.04917915349026603 0.9984506970014136 -0.026031068348649006 -0.03346332966524252 0.16205671361215113 0.03369401081874841 0.9862060308110954 -0.7090621013783291
0.924920562388331 0.23816777750563622 -0.2963073793027765 -0.5969106005862866 -0.08848125136261692 0.8928887543642374 0.44149829046915445 0.6822868161536976 0.36972019342816403 -0.3821331994055298 0.8469245518247387 -0.42211661352115604
0.9819302028079873 0.03884095032604207 -0.18521462520879728 0.6987469210594186 0.00834191940402701 0.9688759410350875 0.24740619083610382 -0.7087818988578689 0.18905948586125493 -0.24448065661958585 0.9510445411991668 0.09685535690614239
0.9124958875373819 0.2479927119094565 -0.32534730683864416 -0.6702250213829941 -0.16319319108110214 0.9499509301555338 0.26638545884001014 0.6521554515993645 0.37512562910594693 -0.18998117047862684 0.9072970391505962 -0.3542480595026511
0.9798959365856905 -0.004264669199032109 -0.19946369609398923 0.7055928740963966 -0.015551938707487889 0.9950966371608794 -0.097677120727157 0.16993897953596884 0.19890221382702367 0.09881546087395368 0.9750248273900399 -0.6879385432279982
0.9883035960081314 0.15249388688220417 -0.0012714483681721678 -0.6896642661907303 -0.15143102919231222 0.9823321323905634 0.10996465373366826 0.5660083706158265 0.018017922054233693 -0.10848592598381665 0.9939346851520383 0.4516610724120674
0.8503420446325287 0.39851921259999457 -0.3436580339797849 -0.4455005963252298 -0.22743551809398344 0.8672355367405278 0.44291715808228727 0.5811084243362759 0.47454345663963354 -0.2984710388011688 0.8280842630780152 -0.6810596286958107
0.9969713118582962 0.041948298427106956 -0.06548697267868178 -0.6943142843356424 -0.030663681440533497 0.9858694276106459 0.16468518556072706 0.7115773277228308 0.07146986758111089 -0.16217833382338093 0.9841698258259141 -0.10763540885006137
0.9640965919800512 0.027861294619351162 0.2640861783482512 0.6726567871257647 0.004730612392234906 0.9925210720664515 -0.12198173146195368 -0.2448957726223224 -0.26550966581057833 0.1188514609342075 0.9567543820620628 0.698254185297417
0.9966530264132911 -0.07448081360200076 0.033695004769419334 -0.7187365716638515 0.0804247990097533 0.9672159996689342 -0.24088391745541 0.5307587423844077 -0.01464911756618753 0.24278759933243738 0.969968857729424 -0.4491245906598913
0.999760627185494 0.003220944705761508 0.021640560179212565 -0.6771459675040643 7.213019791102449e-05 0.9886136739631152 -0.15047590654448723 0.5384175984482583 -0.021878828279920215 0.1504414476411108 0.9883767943981407 -0.501577340371547
0.9789234636994824 -0.020885733920189317 0.2031566842051311 0.6971608158483373 0.04734933416734312 0.9908628061916845 -0.12628911219835784 -0.21628944690491564 -0.19866276141370226 0.13324670886950712 0.9709677758828701 0.6835098185126871
0.9939280011847225 -0.10613814374511094 -0.029014184518686037 0.7036679508066714 0.10875766170046186 0.9876652720443138 0.11264582291003583 -0.6599054909423708 0.016700283901480373 -0.11511735247117813 0.9932115060135157 -0.2633935421221419
0.9972234079407316 -0.06716143924113172 0.03216855194335144 -0.5957345192789054 0.07035414067949108 0.9912854428667781 -0.11137084739583186 0.6339189587665132 -0.02440839085893942 0.11332480681419688 0.993258132922254 0.4932009086122118
0.9935275801866182 0.08610273165195466 0.07408958773400387 0.6591566401094675 -0.08882936562909641 0.9954552978950112 0.03432336951242815 -0.17718252100342483 -0.07079753675415179 -0.04068254533366682 0.9966607443331552 0.7308343711474367
0.8802376097183278 -0.03805531589100869 -0.4730048026921082 0.7318464616453457 0.3027223142421923 0.8126407213363767 0.4979701381466005 -0.6007528793722408 0.3654325531438273 -0.5815211526318956 0.7268371194046538 -0.3217090836503519
0.9911705012660734 0.07528184790283382 0.10914980896133358 -0.6295207629679367 -0.07147621850760066 0.9967038353370465 -0.03837466367638445 0.38500230218662246 -0.11167894881227525 0.03023421903665585 0.9932843018951971 0.6748902401896679
0.9698779455678719 0.19745210785635608 -0.14265144865764817 -0.5506333320878632 -0.18414062944048284 0.977667349960466 0.10128564266736945 0.47859083268183716 0.15946472741740225 -0.07196678347933383 0.9845769562534623 -0.6839252506427312
0.9609133985366003 -0.17979713920592427 0.2105194272417787 0.7399975239596956 0.22265168331044266 0.9538097305541476 -0.20167604175818926 -0.15030991676379882 -0.16453470281939753 0.24066571553420313 0.9565606854426658 0.6555994153871549
0.9510084243094625 -0.0015075811284029073 0.30916129138618625 0.7413969016442761 0.14041514622200763 0.8930078518721246 -0.42757521350773564 -0.527994028765114 -0.27543885637993326 0.45003855800795006 0.8494696773294732 0.41418949747748474
0.9999083573858882 0.010904436687678959 -0.008023097305855431 -0.6990205177934651 -0.011635324504709832 0.9951637721759202 -0.09753812471163681 0.29329428252543766 0.006920697473876192 0.09762253740359914 0.9951994494257711 -0.6521876873582056
0.9636403173570296 -0.019073315966553442 0.2665211949959764 0.6947316488869925 0.06610341160875177 0.983461267195614 -0.1686246568556375 -0.24338107021484576 -0.2588970408052728 0.18011147810186215 0.9489637388848087 0.6768408902362777
0.9648421102695559 0.1261681787632829 -0.23056732838402338 -0.7540753120961311 -0.18334526605817703 0.9516451965846623 -0.24648718674891715 0.5605351415172396 0.18831945110541826 0.28009464558412356 0.9413196980040619 -0.3423021747102561
0.9748824616884672 -0.18138786163406437 0.1292386534441453 0.5192337047350628 0.15742176538101818 0.9716713313025014 0.1762759532924108 0.4937791760718222 -0.1575518126730318 -0.15150335830154368 0.975819736809415 0.6975517795439518
0.9866678345616338 -0.01838133656958223 0.1617056297949222 0.7079839877739851 0.011953264051747823 0.9991025476837361 0.040635190295810274 0.050464974079350196 -0.16230743581230633 -0.03816052512457402 0.9860020641977636 0.7044231394884869
0.9727869313980679 0.011063775553804722 -0.2314372030846068 -0.5128729491464283 0.09995120416174441 0.8811037582046156 0.4622401151612866 0.6828204941905139 0.20903431031232111 -0.47279357033296987 0.8560203834979956 -0.520305209225573
0.9957409270934543 -0.003430516789445559 -0.09213163227483376 0.7158010489485189 0.02832576319061958 0.9623576730068986 0.270306049404035 -0.6918767450887925 0.08773629380556687 -0.27176449503072486 0.9583560935215876 -0.0945273924824876
0.7673067158950746 0.44328579662317025 0.4633984314329049 -0.581720782410429 -0.2943235639175141 0.8854454183180017 -0.35966658296615717 0.4823694094779747 -0.5697491057169011 0.13958550673984718 0.8098776715300722 0.654920364709839
0.9933173746277315 0.029798485769489846 0.11150176459821787 -0.7036003151993072 -0.01663583986394679 0.9929727866428447 -0.11716780197121071 0.7021520834053524 -0.11420964098836857 0.11452988794454168 0.9868328443423022 0.10922018229685718
0.9799748383406655 0.09044384999564925 -0.17739567699679581 -0.34827363057505 0.01657389962699035 0.8507512418730583 0.5253071770903222 0.6847401063123977 0.19843039603433085 -0.5177279540930867 0.832215803430964 -0.640184711667937
0.9808864645710981 0.1314533616739446 0.14346343550128637 -0.5746900894784285 -0.11589753210678361 0.9869374729133018 -0.11190257642728027 0.4759563492483567 -0.1562994103404416 0.09313666444599217 0.983308728763813 0.6657303167690745
0.9366811455755372 0.1642284706711849 0.30928537137133255 -0.43097904462006426 0.006235097638641107 0.8752480711349804 -0.48363409467481994 0.5768525996368573 -0.3501279124559136 0.4549393623281017 0.8188043853838132 0.6939006711270541
0.9914410351088592 -0.04762865748765846 0.12155733169248734 -0.6508828084647502 0.03841431991237057 0.996286750407462 0.07705226140880037 -0.24676063629261155 -0.12477585474739933 -0.07172323158129011 0.9895891895749429 0.7179559582742558
0.991065834916282 0.017445714926220473 -0.13222767445737843 0.707173132799916 -0.027886515790093044 0.9966003191134518 -0.07752513257037735 0.0006441433716337984 0.13042566119741278 0.08051987936949939 0.9881830275447655 -0.7070401299256422
0.9845879583512899 0.06912732625546641 -0.16064857619788858 0.7121469240156352 -0.08459587903064238 0.9922027285416204 -0.09152749710112595 0.11249154963676265 0.15306890448641597 0.10370707902228271 0.9827587456949922 -0.6929591689813974
0.8651773583598319 0.3943192967157632 0.3098070864571835 -0.5436274847431728 -0.02530255929314318 0.6513427525505708 -0.7583616546167549 0.7293230162836101 -0.5008272347573759 0.6482784208481964 0.5735042894241061 0.41539992266584297
0.4432985859652946 -0.8760185885049232 0.1899415601573589 0.6963874782031653 -0.8443760653165974 -0.47922225541419206 -0.2395309797003217 -0.6662439793308115 0.30085781359577746 -0.05419836260973222 -0.9521276770941974 -0.2667647656780804
0.9604876214526494 -0.13932269292793767 0.24094131291984638 0.7018659712950106 0.12729261322895594 0.9897414557386935 0.06487250118189491 0.11874651685688196 -0.2475078173585134 -0.03163918500149961 0.9683691663404331 0.702341386415801
0.9292454525934425 0.3428236780575672 0.13774910016943903 0.5746861027856597 -0.3694172908216793 0.8562748219798102 0.36100456297035227 -0.7594252959362668 0.00580982584759554 -0.386348747903401 0.9223344788725479 0.30497393848842846
0.9845787066375744 0.16793693954805203 0.04900974159403487 0.6783845002206497 -0.1596635626975623 0.9771068933735203 -0.14060464312628446 -0.4880206590053847 -0.07150046980686053 0.13061126772672374 0.9888520514011269 0.5492088002247684
0.9994653204005873 0.0317035062945028 -0.007997562452769696 -0.70821710121225 -0.030377112490013125 0.9908409620516292 0.13157286558166334 0.705838092325395 0.012095633646924446 -0.1312595734003269 0.9912742405799937 0.014870271448926314
0.6287549183336737 -0.7225841023072351 -0.28729682867038875 -0.6869828227250088 -0.7406979750150573 -0.6690082621499236 0.061599147589338044 0.5135581635513372 -0.23671451683369404 0.17406941221244665 -0.9558588165896699 0.5141134251607881
0.9781727341804485 -0.0026373827111169645 -0.20777667414409323 -0.49193870983515464 0.05731160183966805 0.9645588761741192 0.25756854367001397 0.5693774613090273 0.19973352848361953 -0.26385454062069036 0.9436563458130971 -0.658639212557991
0.9894724458666864 0.13522446071410676 -0.051561847282426965 0.6736205964301238 -0.13833124504939298 0.988419508007042 -0.06238062867751394 -0.13480908232203398 0.04252934885090698 0.06885652776386604 0.9967196361417897 -0.726678610796145
0.9392470934735953 0.039707207534797576 -0.3409372890594273 0.6742194991675132 -0.02527510462276404 0.9985905290558493 0.04667037996702747 -0.15150414193787698 0.3423098983197991 -0.0352177930845603 0.9389268558106864 -0.7228240186366077
0.9926085951040253 -0.11053187099722167 0.050108706024665495 -0.7379180411292394 0.12128536206306273 0.9179429622507256 -0.37771759159932516 0.6501933129256343 -0.004247101934794259 0.3810031804961951 0.924563972138726 -0.18090223990535353
0.9417334015298986 0.33388366042538925 -0.040741891756157084 0.6045540963431661 -0.33539718015670483 0.9412823991055145 -0.03868044308301244 -0.6647423356403692 0.02543485769290088 0.05009138084651368 0.9984207137169339 -0.4388985894282237
0.9610253771770606 0.046615802732451556 -0.272501727255623 0.6713046193725343 -0.021229045091624113 0.9952145901312218 0.09537949063840823 -0.23184459980805694 0.2756438863210766 -0.0858771595102771 0.9574160858311604 -0.703987350418272
0.9378524366695069 -0.011456967760725231 -0.34684513103516085 0.6766197994057433 0.0766040202782657 0.9816358082908107 0.17470822521694163 -0.29032486244826555 0.3384739740515883 -0.19042026617714886 0.921507184518248 -0.676680959756167
0.9198464898694909 -0.05353354232267035 -0.38860853686089264 0.7035191692089867 0.11106635496593355 0.9856498295108292 0.1271167903144751 -0.17206455815878974 0.3762269260291696 -0.16008926707203092 0.9125923113301921 -0.689532135858161
0.90101096241047 -0.06557509114738085 -0.4288113256866838 0.7092085693247606 0.08821900848058103 0.995550277163127 0.03312177807913349 -0.040952097972512556 0.42473127052156356 -0.06767239512114875 0.9027866828768054 -0.7038083054837988
0.9448905145143489 -0.08747161143928962 -0.31548475838465284 0.7050834523233271 0.09723681700338178 0.9951434478053724 0.015314036342084886 0.017240099337278096 0.3126130467524665 -0.045146821396968684 0.9488070654869143 -0.7089147369286797
0.9476737970567212 -0.0697275295590451 -0.3115324156387085 0.7008700784608086 0.09165210767638204 0.9941993682638816 0.05628061213398228 -0.12365396872731076 0.30580102277555166 -0.08188826390448987 0.9485673654011797 -0.7024890242105747
0.9124174568789114 0.37852368139962544 -0.15560914819603255 -0.5384204969759426 -0.3613502557831014 0.923612546242045 0.12792910954811543 0.4213347716432013 0.19214675908822193 -0.06049534729184819 0.9794998396773383 -0.7297810484251769
0.9588850447623416 0.19492673626641877 0.2062596383678697 -0.7037115532535683 -0.20351607863109422 0.9788449031033467 0.021068018587952264 0.575514894321206 -0.19778947562937907 -0.06217896072725901 0.9782704637129417 0.4166205182560044
0.993649139470345 0.11214696673488159 0.009189422289161253 0.6323551267529133 -0.11185401009028106 0.9933346226009743 -0.02783896493951693 -0.3737579192692354 -0.012250226796530761 0.026634289822440538 0.9995701809023156 0.6785514066397907
0.9948470122984658 0.09489251398400012 -0.035704802346635256 0.664511626932203 -0.08963624910229656 0.9877631876843932 0.1276292595858697 -0.5450317283076016 0.047378950681573384 -0.12377114302357692 0.9911790651476403 -0.5112384109297201
0.9787838277197005 -0.07387061662944078 0.1911160657641251 0.7231601924764874 0.10848621062151403 0.9781158945322035 -0.177538837915685 -0.2546296530714515 -0.1738187581918464 0.19450560110766374 0.9653779624781118 0.6420304321401609
0.9624398296165476 -0.07182289724117982 0.2618225463926925 0.7107424176271883 0.09341251102683015 0.9930961134680177 -0.07095218247791897 -0.07570941126455928 -0.2549189619297339 0.09274470791695061 0.9625044114195355 0.6993663566625387
0.9909301434979078 -0.00041928675162844486 -0.13437736009401335 -0.670474500768012 -0.0019251790033271154 0.9998482053215147 -0.017316466185441082 0.37277910242294326 0.13436422289069894 0.01741810879419134 0.9907789183733231 -0.6414824117749683
0.9643384714313256 0.05658235740678824 -0.25855318475660943 0.6345659113558292 0.018557457862849347 0.9600222004769645 0.27930806531325925 -0.5905820204455637 0.2640207061485208 -0.27414560259405574 0.924736316634736 -0.4985368404356711
0.9805715147335001 0.054770344187601905 -0.18836059537711386 0.7553218009609324 0.02888821454509599 0.9094409000416488 0.4148285433668147 -0.5509183935036404 0.19402313149118447 -0.4122104544149849 0.8901896234608362 -0.3549336567479923
0.9728036868349369 0.18110557288510348 -0.14440830429830687 0.6914665117528692 -0.18857642965323496 0.9812545796627703 -0.0397288317230509 -0.7150090632747341 0.13450619710478956 0.06588035641068127 0.9887203151445857 -0.1031314819020187
0.9876634301279635 0.08469150781045015 -0.13171293517592708 0.7508943933063658 -0.03318186321399175 0.9352137831131349 0.35252538040383036 -0.5227494744968307 0.15303565839866679 -0.3438059458182912 0.9264866749600214 -0.403597072603794
0.9785760729022747 0.20566727585655029 0.009478458994358618 -0.14959380666732452 -0.1958864634854474 0.9158901998701214 0.35039068938120127 0.6741540832845161 0.06338267086772648 -0.3447406466078736 0.9365556703208084 0.7232827697364239
0.8811184415682423 0.34145125881182914 -0.32717171299513287 -0.6007333580971685 -0.1564448223582875 0.8633632050140023 0.4797176187980109 0.6695467840026674 0.4462682035341931 -0.37150372014795113 0.8141435232381309 -0.43683696787358156
0.9897340919090492 -0.015299483260015345 0.142099799876517 0.6551546630460563 0.03215465539818224 0.9926007840713571 -0.11708869115824733 -0.3759729016400866 -0.13925697630350126 0.12045583951350716 0.9829027852630707 0.6552989735390572
0.9922075664195993 -0.04687412886604231 0.11544245831905292 0.7210329708519071 0.07663053300564993 0.9601521631412647 -0.2687667855714689 -0.6700638660809453 -0.09824411713159506 0.27551885535875664 0.9562622306620886 0.17642525419318467
0.9319196633059454 0.0037976035656904217 0.36264489428487934 0.744126875581619 0.20122829544959064 0.8264833088631959 -0.5257684978020228 -0.6335483390539244 -0.3017166124928915 0.5629484153789771 0.7694518616314556 0.2118766035199535
