0.9787720546695236 0.07581949002771066 0.19041184293508961 -0.6915345278930468 -0.08144128493723696 0.9964383163926095 0.02186318212048738 0.33781656129714693 -0.1880760008766959 -0.03690645684158439 0.9814608149781782 0.6384825507757528
0.9948187622128758 0.07869514137700027 0.06436384911497567 -0.6794914755637774 -0.07773278190380879 0.9968236725122741 -0.017325718935661538 0.20350927796196325 -0.06552285835291577 0.012232769220278897 0.9977760842947014 0.7048938277638418
0.9970569951031532 0.06838419030395368 -0.03465474040219818 0.6845354641352258 -0.0691108746838103 0.9974039926361594 -0.020222820621436335 -0.15963787612976085 0.033181855227063295 0.022558324182455708 0.9991947190081469 -0.7112854186934737
0.994039100191414 -0.0005809954885425406 -0.10902261111754019 -0.7110069306873926 -0.00881215194743551 0.996285784124498 -0.08565618675548045 0.1787492082226817 0.10866744346260954 0.08610632262311937 0.9903419045640873 -0.6800866599737546
0.9845756852821735 0.042431479650319126 -0.16973594046583795 -0.7120220152508882 -0.061977266264996694 0.9918224505196793 -0.11156632606416539 0.35976243649448736 0.16361399212003735 0.12036526151603102 0.9791540560109638 -0.6029889211964128
0.9929718121779701 0.07323027809667418 0.092974763188091 0.6277154823991861 -0.056390195596875664 0.983423562866497 -0.1723317783797041 -0.4502693395902866 -0.1040534769267416 0.16587773319179758 0.9806413470635463 0.6350045629609951
0.9913763776179001 0.10823677488190342 -0.073876102119528 -0.5966862864013317 -0.11025186596418671 0.9936197691717678 -0.02375458613526865 0.486568804763966 0.07083363574337942 0.03169471366343385 0.9969844738877165 -0.6381349965729459
0.9773211655678569 0.1331462555903321 -0.16466758623165667 -0.6604769864816603 -0.13722541507178498 0.9904465129499904 -0.013597442538246768 0.5442360108372148 0.1612839880194642 0.03588564625972887 0.9862553906575412 -0.5172787593127132
0.961131181650453 0.2662766945919949 -0.07296282324831799 -0.7152128019364989 -0.27430245728384084 0.9509941801697142 -0.14271731223428857 0.6859449059044976 0.03138492611510184 0.15718394065709862 0.9870705117732244 -0.13397848338375842
0.7353544303723063 0.4890828853142666 -0.4690967842828308 -0.4975264173430294 -0.1830215334796501 0.8098124053436233 0.5574109672713053 0.6094730731182815 0.6525005593979041 -0.32403981151125044 0.6850118397087565 -0.6172601049716138
0.9946544087057809 0.09054692272949832 -0.04963730478552558 -0.7069148029508872 -0.09711213998782936 0.9836571072510224 -0.15161770220371584 0.5657168104519791 0.035097571271203776 0.15562760082571694 0.9871920838175792 -0.42454204943791857
0.9288989400828891 0.3496710755756005 0.12197089004630474 -0.6989038205797484 -0.35253828548918176 0.9357951111754099 0.002065711632915468 0.6468019816615906 -0.11341744300253465 -0.04491824580284577 0.9925315283741682 0.3052550508962465
0.9496945479562324 0.311023875442459 0.03666625815325664 -0.7209643955474795 -0.3127593866531604 0.9358542881709367 0.16235244800250992 0.6492585758488539 0.016181212641403292 -0.16565295112621065 0.9860513516752719 0.24222642721134974
0.9789335189358349 0.19105244279471167 0.07202867211101809 -0.7000416746648663 -0.17957190404517237 0.9734984669851892 -0.14161449803984796 0.7060598143844007 -0.0971755976647147 0.1256968531016594 0.9872979308895801 0.10686997821593669
0.9998252443742477 0.018144407043528543 0.004501244829468287 -0.6967773027712766 -0.018347640772304663 0.9985706437909663 0.05019993463128673 0.2317192463381633 -0.0035839628997142436 -0.05027374913345675 0.9987290450157137 0.6788280940114798
0.9990138871135467 0.03224404777681064 0.030521709277954667 -0.6896372996029445 -0.0346233603165752 0.9961176289457306 0.08093758227130396 0.4232396673368897 -0.027793457407631894 -0.08191453281623626 0.9962517417996456 0.5875955913627308
0.9913966823540856 -0.12306181452516707 0.04459156896864909 0.6616637139025061 0.11777778440290232 0.9873368528475699 0.10627479715435553 -0.7145704373824858 -0.05710526874515032 -0.1001085851205048 0.9933364281383799 0.22713480517909493
0.9349243833237333 0.04274723852102394 0.3522627869440142 0.7102003764076593 -0.09585422389588849 0.986236244033167 0.1347220795440324 0.17615639191040153 -0.34165533104000323 -0.15972083318771663 0.9261538156363485 0.6816042480351248
0.9639538459110162 0.016813775527745455 0.26553771842407514 0.7082325969903517 -0.025920005106155927 0.9991886159325397 0.030826338188502108 0.03446800405848726 -0.2648039582193924 -0.036597906269589225 0.9636075222662102 0.7051372527788659
0.8818107385061428 0.001333133324590046 0.47160157358811894 0.706326347753952 0.003266227876803595 0.9999547570671276 -0.008933956250073503 -0.01867416608533525 -0.47159214710458 0.009418416765056836 0.8817664884848664 0.7076399974489718
0.9387469181209394 0.003764765422641765 0.34458678189935116 0.7034408625140653 -0.03824892943296989 0.9949002032186809 0.09333062215939064 0.14170171527003714 -0.34247809143895636 -0.10079390942284036 0.9341034978564153 0.6964851590917047
0.8563465641748853 0.03962364695687402 0.5148791398257517 0.7101983546936286 -0.07935440048163854 0.995306610959076 0.0553861833434828 0.05768374131950433 -0.5102680091384024 -0.08828769327032601 0.855471707344513 0.7016344368528726
0.9292993631134616 0.08305943440981389 0.35986639753169003 0.6751663077227874 -0.05623474224487966 0.9948439617709345 -0.08439872921178032 -0.17289175253664332 -0.36502102334189795 0.05819469119630493 0.9291786859560439 0.7171184691672544
0.9404449391393462 0.2532814787713017 -0.2267417230211812 -0.6077382235838128 -0.23118171647157412 0.965522152515708 0.11967450426340143 0.5237366708097011 0.2492354918875882 -0.060128741154766796 0.9665744689731334 -0.5969540612512512
0.9696563983598961 0.02409406052016482 0.2432816174053531 0.705279696777701 -0.0293217332110805 0.9994099285171998 0.017889403085181804 -0.022435504983659225 -0.24270703550002865 -0.024480012845105627 0.969790711385653 0.7085740592410098
0.9630807765404292 -0.03753281091966544 0.2665833940116158 0.7019134767749847 0.02438028066936602 0.9983244310604635 0.05247792166506345 0.10668575850491259 -0.26810635906812563 -0.04404109958062173 0.9623821287695253 0.704226966292746
0.9609937181648696 0.03376887563361421 0.2745008864941985 0.6948419502858196 -0.012095130586710079 0.9966998007668889 -0.08026963913793661 -0.1370369060717866 -0.27630559434030594 0.07381849490260306 0.9582306863937121 0.7059855172007927
0.9390518189279409 0.24669642458478666 -0.23942129284006597 -0.5851953515066598 -0.22020002170284528 0.9664598021243954 0.13216429669067634 0.409030088883851 0.26399551475392974 -0.07138854932520583 0.9618783931532352 -0.7001719695636678
0.9877055865363253 0.12830559700589214 -0.0893048044726309 -0.6521605230414514 -0.13117997372386767 0.9909888234423883 -0.027073350477479025 0.34135506057963416 0.08502640071612255 0.03845550141699669 0.9956363219529654 -0.6768776660541954
0.9760251305751417 0.05248287789730954 0.2112356314957155 0.6970502965042292 -0.049570530063409425 0.9985886917679324 -0.01906271812837583 -0.08204280518980386 -0.21193797921800173 0.008134629728843427 0.977249262350279 0.712313036705039
0.9691712776216402 -0.029423864165985646 0.24462475518797988 0.7082322151333246 0.05012626225647504 0.9956263893936922 -0.07883812894199771 -0.06583432551044077 -0.24123513936703478 0.08866977478499423 0.9664074081742884 0.7029032444312159
0.9718941345864074 0.009365823526330168 0.23523195468773267 0.7059994934044708 -0.0056644354063302895 0.9998493697114709 -0.016405854415476588 -0.02325872375545775 -0.23535017596778118 0.01461229746644592 0.9718007899948872 0.7078303095247461
0.9616246101476443 -0.06575316772766586 0.26637310316953655 0.71044349539505 0.09038123946005669 0.9925860289768376 -0.08126626996273534 -0.05064321528544506 -0.2590547060218264 0.10222277639435197 0.9604380059505009 0.7019297006085548
0.9765442924478309 -0.0761747276246226 0.20139179665239498 0.7119157153478485 0.09775650495933735 0.9902264964372034 -0.09947437605653044 -0.11117300132090081 -0.191846059708559 0.11682849235103371 0.974446608465176 0.6934093870276521
0.9779635451667754 -0.1680753498978157 0.12384660302793576 0.6504249332797128 0.1712775430717457 0.9850992702614596 -0.015602274502321295 0.20121536497965675 -0.11937884052100056 0.03647059756936209 0.9921787076675225 0.7324341493023003
0.9671606439528724 0.08994280229481699 0.23771954295770548 -0.6403090542120119 -0.005927708159848222 0.9430206463953461 -0.33268141328916306 0.6736617734721234 -0.25409673564340896 0.32034723783335284 0.91258561031166 0.3690313402090834
0.9789453499092531 -0.017769477925144064 0.2033476027528177 0.7012069195433293 0.029057609662593034 0.9981895943267124 -0.052661077643454776 -0.11318637909502773 -0.2020437012424452 0.057461112346885626 0.9776894002473956 0.7039159747952248
0.9718413897749474 0.17371383364160256 -0.15920997808503068 -0.5304823400294965 -0.15408624375843047 0.9796834000314991 0.12836613722917461 0.5042608094939076 0.17827434645712714 -0.10021945771285817 0.9788637891407694 -0.6814026144104368
0.9845039235744704 0.10450360749984366 -0.14082265615302025 -0.6007469567391642 -0.09461302478752248 0.9926693854959239 0.07520549607376015 0.5226245058742789 0.1476495851908456 -0.060716448501730635 0.987174307239764 -0.6049518326514091
0.9631523854339241 0.1871840513798974 -0.19313107813593722 -0.6597005572189099 -0.1677086499001103 0.9793583839838764 0.11283157567441893 0.618469521688459 0.21026481203859054 -0.07628424889515403 0.9746637482685393 -0.4269550626793272
0.9795401720393047 0.12816051599233158 -0.15516421463014268 -0.6709659246130885 -0.08259976696368149 0.9591021195516556 0.27074047124334255 0.7050650121155109 0.1835165656248916 -0.2523846398101537 0.9500650839438024 -0.22953879127210233
0.996051639992747 0.05533139802783277 0.06942310033442846 -0.7020723009196852 -0.0470382469989194 0.9921492433450125 -0.11587615047622213 0.7063118304313974 -0.0752896658714011 0.11215308877692592 0.9908345729185918 0.09065364015850602
0.9997444355697725 0.0204127429065743 -0.009715115763972881 -0.7072351828258884 -0.020876969520062683 0.998512942422008 -0.05035926885293422 0.7011333183605452 0.008672698019396997 0.050549220990771505 0.9986839142422842 -0.09072191608405736
0.9896545664925933 0.07860679037953028 0.12002004635304084 -0.6559523928044183 -0.06481980569289197 0.9912777176138587 -0.11474702328249942 0.6492974143665468 -0.1279930928225944 0.10578023949910151 0.9861177967774535 0.38488871907484484
0.9950645765473529 0.027871446086265517 0.09523482027965285 -0.647971351700182 -0.02306619516927233 0.9984224936987038 -0.05119057253903825 0.6067069098231915 -0.09651134203320583 0.04874122043529355 0.9941377441227283 0.460477852831852
0.9977911745561354 -0.0023976776994080184 0.0663854134545942 0.7064688540818985 0.009727882182513081 0.9938488017106755 -0.11031739503132744 -0.7074080636999281 -0.06571255805499274 0.11071951264300518 0.9916768875162739 -0.021808017436887032
0.9944380516996487 0.06519658224863317 0.08271860126297909 -0.6580092549610863 -0.06453665803391262 0.9978587226179366 -0.010629650281808206 0.5863708681638249 -0.08323449466189087 0.0052321466337377776 0.9965162535252411 0.4724330908756906
0.9950744859851317 0.08793569079365782 -0.0457611366343505 -0.6030671803742191 -0.08814135740307394 0.9961048589031687 -0.002492224837808199 0.550215740122856 0.04536373503768237 0.00651339804870027 0.9989493016110931 -0.5775574562556931
0.9969108962642783 0.06929679845499928 0.0369678053641313 0.6463362957863888 -0.06530226684565163 0.9928342500075561 -0.10007879873756201 -0.46423619412012274 -0.04363804365885793 0.09735556345592866 0.994292520041163 0.605585789808507
0.9980346173197508 0.062255054610671934 0.007156172639129411 -0.7056001057762192 -0.062225356801823284 0.9980528596583791 -0.00430049981025412 0.7046154918217794 -0.007409966417232718 0.003846752286605387 0.9999651468398991 0.0751365384705741
0.9965648923624293 0.07224545102921226 -0.04048468989932992 -0.707545110692863 -0.07244846231749846 0.9973657748804621 -0.003568109433015741 0.7058857004552832 0.0401202644369306 0.006488906123657889 0.9991737879262191 -0.03324596558048185
0.9915799609783741 0.11627403716283063 0.057004642512543266 0.7117137173178295 -0.10184311287060788 0.9721024647023815 -0.21129311034764006 -0.6994555081727045 -0.07998225645073298 0.20370848387195872 0.9757590339072642 0.06500443576018829
0.9582976706774905 0.16831737111474088 0.23094336308956442 -0.6373481770439039 -0.14252780317042524 0.9819600030380515 -0.12425931657997238 0.539849265025848 -0.24769214702430187 0.0861615634406191 0.9649998887502318 0.5498636851710287
0.9999738364383395 -0.007193157429222163 -0.0007648038879430469 -0.7074966108338482 0.007215061045576787 0.9993920056369661 0.034111024068932065 0.7044069397671099 0.0005189729252905242 -0.03411564970978989 0.9994177570525659 0.057091232834418186
0.9787392402693433 0.12824793699126752 -0.16006862970136118 0.7107169515305838 -0.05754759818563138 0.9207656543079199 0.38584826524162913 -0.7030296466584718 0.19686994057004406 -0.36843327279765703 0.908569837709548 -0.025114352994618692
0.9976141105493965 0.04839708237819473 0.04923219322775163 -0.6733286153841606 -0.05104069928606522 0.9972389813649745 0.053937566338660314 0.35453230431714117 -0.04648584138343509 -0.05632172283787268 0.9973299003275939 0.6487953613431798
0.9950985597702438 0.030696139768851938 0.09400320923499145 -0.5728658266097183 -0.022248526862002183 0.9957266223263563 -0.0896297754265638 0.5296131386167977 -0.0963527861333402 0.08709902751372489 0.9915290716920542 0.625567476861792
0.9893839008612908 -0.03426540093500624 -0.14122810986223208 0.6993383639510444 0.06764551143313363 0.9686932982109699 0.23886686414005315 -0.7097926533721498 0.12862185467270015 -0.24588447754975523 0.9607274546928689 0.08438152597103003
0.9961526012969266 -0.0869803060833072 0.010696788444204186 -0.6523938187449442 0.08664577227179593 0.9958304564565141 0.02853440276288849 0.6061845916474847 -0.013134118805231076 -0.02749778804312958 0.9995355754428878 0.45488739937764927
0.9976371827566215 -0.005692733002132522 -0.06846637402694655 0.7100188039059885 0.01893749131557204 0.9807401287290123 0.1943969426798501 -0.7028761681395749 0.06604107058568917 -0.19523419959517005 0.9785306251233677 -0.042876454626488
0.9979882666678574 -0.01081764803338453 0.062469177074068294 -0.690173306857234 0.01347091275027773 0.9990179672319033 -0.042209426168930156 0.6822733457227739 -0.0619512235791992 0.04296602889332171 0.9971539330806343 0.24117190594678012
0.987186480863845 -0.08773700580948196 -0.1332856699395885 0.7046708334107671 0.11619634871543022 0.9677319879444403 0.22359160998191366 -0.7085435218637922 0.10936754795121 -0.23621392279179668 0.9655266553205306 0.03748458569904189
0.9831303371526761 -0.10451742317176504 -0.15010279285742859 0.6972380978549965 0.1407762679901105 0.9563326061211666 0.2561444686895942 -0.7100295702833397 0.116776635252273 -0.27295430885595523 0.954913170260064 0.09857506897183817
0.9888860283423586 -0.09263482282233648 -0.11628934839421001 0.7107809905278574 0.11676743812198181 0.9680773776589539 0.2217916956502019 -0.691452094632725 0.09203145301311348 -0.23290551832371192 0.9681349240630966 -0.12916804687017122
0.9991384074836958 0.04145686709587165 -0.0019418706289356935 -0.6770781951689377 -0.04149424895126058 0.9987728048172212 -0.02703907656543636 0.2483538105884727 0.0008185321710860172 0.027096356362728002 0.9996324912071178 -0.6927376865689919
0.9998210334652096 0.013708075938430639 -0.013038009611385015 -0.7001803849640846 -0.013739063795032438 0.999902991995964 -0.002290136143404453 0.11096752601860158 0.013005351459932868 0.002468856331485747 0.9999123789521849 -0.7052897537047148
0.969490652223626 0.10478864753679445 -0.22160147697706753 -0.6078061408132251 -0.018474366328254 0.9326863024101602 0.36021515665673043 0.6738744089920642 0.2444311212586847 -0.3451312803034126 0.9061665555053052 -0.4200773453726472
0.9755486129284794 0.21430728793863574 -0.04875746250275051 0.6614385333241991 -0.2128086666673863 0.9764968394290301 0.034152510542630465 -0.66363787751264 0.05493063994320213 -0.022941423702593 0.9982265854373586 -0.34940497157947054
0.9946349487903814 -0.005490110928379602 -0.1033013907299889 0.7102243961152924 -0.002277099618159681 0.9971867957186841 -0.07492202120627359 0.13570271412084808 0.10342211302272225 0.0747552882831605 0.9918243359645985 -0.6907720901591954
0.9881642959474395 0.14478493403358939 0.050681822102107615 -0.6868086052827719 -0.1452871121351515 0.9893691641840447 0.0063491738984011725 0.6464833571962236 -0.049223767248438965 -0.013637442526124227 0.9986946685044523 0.3321945342383489
0.9790808984832806 0.07654854222080515 0.18852298244256854 -0.750341342448587 -0.11268085386020721 0.9754678503072416 0.18911768344156243 0.46298127733889 -0.16942142544113503 -0.20640444205694328 0.9636874944195631 0.47184341326980733
0.9646379339012445 0.1908251174598261 -0.1818225261764392 -0.6306856313790608 -0.08022331436020358 0.8696546356546793 0.48709858808806894 0.7284362838027789 0.2510734480422058 -0.45528736994426966 0.8542104743313721 -0.26761206028800877
0.9771157113349911 0.09356218496674729 -0.19102618722720394 0.6892352030020027 -0.002651735794396315 0.9033540595243454 0.4288874111444181 -0.7183595264425054 0.21269192499855616 -0.41856607684466346 0.8829295466543612 0.09441623648550686
0.9922445107267469 0.11772257077847198 0.03990272248790311 -0.698669078103378 -0.12106752665611292 0.9880284586414061 0.09561599711376198 0.6140013386125022 -0.028168864407539462 -0.09970537219225056 0.9946181950044926 0.3672381726948213
0.9842967160138489 0.11549115888704514 -0.13349819123598589 -0.648876306607191 -0.09923945046470911 0.9874841343263658 0.12258309804035081 0.6512171846538222 0.14598460985944758 -0.10740985370362907 0.9834386696747031 -0.39354252265207673
0.9198949558934228 0.26765708380037606 -0.2866233689239517 -0.537240176241109 -0.17037854086288018 0.931062325249628 0.3226361717386823 0.5871429047288761 0.35322007719730963 -0.24795691559671185 0.9020825600090557 -0.6055049153053674
0.9909307652819705 0.11725960640419458 -0.06562319044073867 -0.5785948394093579 -0.11691158573288588 0.9931003416118984 0.009131955527310831 0.5022841841075293 0.06624122235519359 -0.0013770244239211804 0.9978026880423934 -0.6426029957946766
0.9558801017776934 0.21576848401648435 0.1993418980813982 -0.6996582739881541 -0.18793925569759706 0.9707326291179874 -0.14952256998029723 0.6823997822124724 -0.22576994306882298 0.10546148145606456 0.9684553726092868 0.21168097901390928
0.9971827358608197 0.04901654661409227 -0.056780009326865784 -0.6914651471354599 -0.04277853242034485 0.9934135170354359 0.10629948887575622 0.7036819640419278 0.061616462614239295 -0.10357104966791653 0.9927116646869792 -0.16342473429389975
0.9999274858538149 0.00567913088455585 0.010619345858660978 0.6909825093238294 -0.0056967064330172845 0.9999824524329692 0.0016255343613449103 -0.6956989053491368 -0.010609927892583887 -0.0016859117829775283 0.999942291900675 0.19633187439780808
0.9896618450591763 0.11886274946252745 -0.08025633448068167 -0.6873249568713342 -0.10946793557204776 0.9875740262573107 0.11275776577920654 0.6953621671392268 0.0926617694395084 -0.10280656327362007 0.9903759927584104 -0.20989487886381797
0.9993390969691542 0.02740330073833072 0.023883642467597943 0.6957033124136386 -0.027704650304309172 0.9995394987053527 0.012379130800194815 -0.1137175957406691 -0.02353341497512368 -0.01303263735768765 0.9996380988853475 0.7092708999498378
0.9324138097351298 0.2657794834907178 -0.24487905906922397 -0.6637475673025167 -0.22552864321421895 0.9573935693822061 0.18037290371769393 0.6387461296044 0.28238505361505006 -0.1129549443849462 0.9526278717494143 -0.38915620104964277
0.9958354953547215 0.052313027213617525 -0.0746660121833459 0.709136459296325 -0.0389721605172737 0.9846563145036926 0.17009736333235997 -0.6764849522617834 0.08241866837211156 -0.1664790962606187 0.982594460401653 -0.198729946057569
0.9448447946676807 0.18293105180930053 -0.2716699178660228 -0.47947602619916757 -0.007162241437080219 0.8408219796403165 0.5412643539448501 0.6704426406117039 0.3274400957228441 -0.5094650418210083 0.7957564670647247 -0.5662238125952148
0.9453799209068017 0.23429126209115325 -0.22663717623987473 -0.5610356464804664 -0.09157445896346128 0.8581580831333108 0.5051522768616519 0.7024903340278131 0.31284328922289323 -0.45680664275018606 0.8327405163239657 -0.4378884949113606
0.9937717247171916 0.10364890886134032 0.04092264464171563 -0.6565607701681045 -0.10532036537440123 0.9935907955840607 0.041048161567059066 0.44337246198799024 -0.036405765889776065 -0.04510249020271842 0.9983187795426332 0.6102039126611478
0.9668583784174717 0.15495814429319732 0.2029109400725977 -0.625728547543784 -0.13411933968091327 0.9845257338163067 -0.11278777494488554 0.4923574875604143 -0.21724842647874898 0.0818355238919567 0.9726798384986894 0.6050189164248857
0.998728554435588 0.018598931400029495 0.04685460815946746 -0.6629419381240355 -0.019493522778480488 0.9996349238646174 0.018708863136660064 0.5853521369465955 -0.046489537798144465 -0.019598437207043184 0.9987265011675399 0.4667663895873415
0.9959854100876082 0.04363766576191508 0.0781589215603059 -0.504428290760897 -0.030994538207955447 0.9872347955869605 -0.15622674861766717 0.5795395408590523 -0.08397857758913452 0.1531770626080275 0.9846239820341987 0.6400671996446301
0.9726268057990719 0.1067264758052226 0.2064135557643732 -0.5104556632795193 -0.06426416516378208 0.9771838170666527 -0.20243987931939011 0.44415670780623634 -0.22330968119832334 0.18363345834908268 0.9572938625405778 0.7363150376955447
0.9038409470968632 0.3748696011573337 0.2062627559187243 -0.4297172015461812 -0.2825861526264575 0.8849725291477828 -0.3700928113292035 0.6069956259906327 -0.32127341734856013 0.27621803848032567 0.9058073672273036 0.6685053752390916
0.9551962402661689 0.22891086751434053 0.18761651663754852 -0.5619455402269321 -0.1662825802928362 0.9394493773365662 -0.2996414038698499 0.639095186287174 -0.24484739343626263 0.25501898391251177 0.9354224028596374 0.5251424118119044
0.9879656542217562 0.027340303561567914 0.15223788582129855 -0.4557891231902218 0.02364551056974401 0.9459875199567347 -0.3233396077130082 0.6126320309344752 -0.1528553430798989 0.32304816960829136 0.9339567036028271 0.6457075730193887
0.984380371324912 0.14667550747270697 -0.09737340529041943 -0.7235434183776615 -0.16233238369005853 0.9702638453839731 -0.1795446115766465 0.5810696506595456 0.06814309763821963 0.19254704840201822 0.9789188691592061 -0.37261640168511356
0.9873820423757647 -0.017057518391952565 -0.15743488641394437 0.7069303166276452 0.019862261511935028 0.9996705125984383 0.01625905313378319 -0.037472214577902195 0.15710567450443913 -0.019180909975386476 0.9873955133233192 -0.7062898559142452
0.9946887064510377 0.061534961282228844 -0.08250954974277969 0.7008868841264834 -0.0636232674449249 0.997710718455711 -0.022921651734130036 -0.07369585641760122 0.08091017920134147 0.028049435263188177 0.9963266392519186 -0.7094550700406234
0.9941745591716518 -0.09200700159640166 -0.056139625516135994 0.7130990785108579 0.09685804125654554 0.9911404796001558 0.09087942309411107 -0.05699424960665728 0.047280712132936276 -0.09578758455673081 0.9942782673401793 -0.6987426992382385
0.9998136141317928 0.015017651506474022 -0.012132894953490625 0.7022082309035278 -0.014537898056943763 0.9991448654421722 0.03870642557288524 -0.14472998360117773 0.012703799306044261 -0.03852282445218019 0.9991769640456181 -0.6971060409278782
0.9961847593145038 0.04203807845999068 -0.07647695907196955 0.6953937132145968 -0.03979412801557929 0.9987382220095838 0.03063317274809313 -0.157066691013346 0.07766822184770161 -0.02747296592154619 0.9966006639865788 -0.7012543320334879
0.9827765763160561 0.005442275686089643 -0.18471757544924539 0.7072126777471026 -0.01338672331132816 0.9990367823173655 -0.04178879294679447 0.07411731953357738 0.18431222608247383 0.04354180993390962 0.9819028027784635 -0.7031051495892562
0.9969978133350118 0.0761466210376876 0.014037532181545187 -0.7050778437491023 -0.07736854662067949 0.9869066006123967 0.14152550887203208 0.5699003160037215 -0.0030770438750313267 -0.14218668633956788 0.9898350761762109 0.42199391473453157
0.9949335142074802 0.09386501764655239 0.036009176177279056 -0.6918222220577149 -0.09712030436110558 0.9899300560450769 0.10298607002598481 0.4641885921787882 -0.025979776510972552 -0.10596151471550039 0.99403078856323 0.5530921839605043
0.9963298047174349 0.04424167634567053 -0.07327751569098889 0.7049237701583594 -0.04678645315132856 0.9983469480821104 -0.03338261608463183 -0.03199341261696458 0.07167948125674961 0.03668849041948044 0.9967527309405795 -0.7085611475482164
0.9950448662789446 0.09942692806249336 8.244572768656422e-06 -0.6781508047504334 -0.09935569064055248 0.9943287911586577 0.03793022291394024 0.27593023656370064 0.003763087728983927 -0.03774309273255372 0.9992803901416888 0.6811563627877523
0.9968442775542141 0.07547099400417925 0.024609253776550544 -0.6859497983533148 -0.07623037946198707 0.9965914001452406 0.031535859012086526 0.23794738178914154 -0.022145328051284052 -0.03331231334761771 0.999199616805837 0.6876437432557204
0.9957962286338327 0.08238724557255551 0.04002765051314555 -0.685682596370052 -0.08317570324377392 0.9963641628851259 0.018446064841199705 0.2268976344751875 -0.03836239602186947 -0.02169784978262873 0.9990282928357291 0.6916334582022391
0.9964021188613663 0.07430305439675552 -0.040766084382635015 -0.616577849086721 -0.07519497109238985 0.9969519335093338 -0.02079804304293037 0.43058496252817474 0.039096468523307615 0.02378861869284793 0.9989522349790769 -0.6591117857087697
0.9934194592893004 0.113531601123079 0.015111368296226613 0.606448571602396 -0.11318553429503839 0.9933287470965357 -0.022068869884370457 -0.36999012399822695 -0.017516070669554185 0.020213256493119613 0.9996422417696457 0.7037950256610161
0.9953447528307381 0.09008427355352744 -0.03425852697724119 -0.6221805342624211 -0.09129775203314863 0.9951842962190854 -0.03567824312684065 0.4880129170582902 0.030879499445601033 0.038639878587509224 0.9987759590101934 -0.6121558425508874
0.9980246952242671 -0.027058377255673227 0.056697018817560146 -0.7047388454675542 0.025078188956976333 0.9990602534115545 0.035351018258023115 0.6740740318226188 -0.05760027917594912 -0.033859330671626886 0.9977653800194322 0.221285696129366
0.9974154478973392 -0.07141397448486936 0.007903704449491455 -0.6848039625141686 0.07024593672771373 0.9923441824420209 0.10158017496895178 0.4164880645688113 -0.015097439153595127 -0.10076243259147369 0.9947959587318658 0.5979809570518269
0.9968352453104263 0.06194335400342438 -0.04982483920404879 0.7104602621627848 -0.05292249289029577 0.984788500557321 0.16550171877155836 -0.7017681159386556 0.05931866024430661 -0.16234109173240718 0.9849500832437907 -0.05260919443877519
0.9896374516449242 -0.0137417264611015 -0.14292963043262968 0.7077155583743908 0.05571049937803346 0.9541809024433134 0.2939985470568082 -0.7064755763565586 0.1323406761384798 -0.29891465398392963 0.9450587151457193 -0.005563132794776028
0.9945205589926895 -0.10208849785282564 0.02251213777104369 -0.6778909531556642 0.10189841984670278 0.9947500394641556 0.009437744370655726 0.6490745956567687 -0.02335743508208743 -0.007092079540893942 0.9997020219216178 0.345204323412537
0.9824079044011877 0.18644420827353786 -0.010642676886996272 -0.714246952190445 -0.18557488207788303 0.9682744416421796 -0.16735163221284793 0.6811616285796719 -0.02089671055087433 0.16638257980863969 0.98583982706339 -0.16084193183790532
0.9908265751140526 0.004672417033463994 0.13505875227775016 0.6279394793133444 0.015759673878662173 0.9885880196836536 -0.1498177560144018 -0.46367035771355625 -0.13421747549032353 0.1505718959733788 0.9794456459732652 0.6250614447376102
0.9941671465066702 -0.07026617846488101 -0.08181900128164843 0.3032227044805014 0.07420987116966501 0.9961720269775101 0.04619726927536222 -0.6453233821976454 0.07825969478452247 -0.05199958491622908 0.9955759455414604 -0.7011517124535332
0.9962683874813885 0.00506335273679151 0.0861606787594974 0.6608067748837917 0.00872358700621545 0.9872581248886969 -0.15888767690100988 -0.4579755706003599 -0.08586733450491768 0.15904639983450602 0.9835298895126182 0.5946366815131378
0.9722556368715244 0.08032210314529054 0.21969828474037612 0.7122402959089262 0.002778434098085536 0.9351675657288812 -0.3541947265455559 -0.6723240127664349 -0.2339043754945783 0.3449782366396985 0.9089987675291179 0.2017279919624538
0.981015001095036 0.11078226570409894 -0.15917555475628958 -0.6192893542350386 -0.10639503815919654 0.9936773902950095 0.03585163694453003 0.49875707022747184 0.16214087541890615 -0.018235504434090166 0.9865991095153213 -0.6064009240009925
0.9951683772646642 0.03178313545935313 0.09289635726328144 0.6633427594275857 -0.02011796643374411 0.992089291007999 -0.12391168667166455 -0.3419928331029654 -0.09609978313703671 0.12144410635192796 0.9879353018864123 0.6655954368993251
0.9982880736694335 0.03841961135731084 0.04410051510498875 0.6500721206955533 -0.033825573750441484 0.9943550927399103 -0.10056729141553902 -0.39081505147181755 -0.04771532803854106 0.09890340239525452 0.9939523954721459 0.6516669651267177
0.9543014054473214 0.21598913281937587 -0.2065369750558002 -0.6828731427700677 -0.2210150941616034 0.9752695278769419 -0.0012946611235841732 0.5208600136608976 0.20114958541842443 0.04688328591962421 0.9784379396708691 -0.5122393161916609
0.9873572963892516 -0.010561631260584181 0.15815821575884964 0.6872341734756103 0.034042543390679275 0.98862427011931 -0.14650309816026155 -0.3138984833525711 -0.15481173891666278 0.15003501083472795 0.976484931280264 0.6551159690896341
0.9691608410060899 0.17506241742246542 -0.1734370613985703 -0.606421372884636 -0.16097154885870502 0.9826303457986613 0.09233506361958702 0.5338197869859344 0.18658891906648262 -0.06156909550907971 0.9805069208117787 -0.5893127807293892
0.9681171751532729 0.2371180385664134 -0.08077234031315475 0.7063394199105015 -0.21082675362690145 0.9454157384762653 0.24847768792493188 -0.7078405743168159 0.13528198375389464 -0.22352654703143154 0.9652640403764225 0.006807733201044375
0.9512383754817402 0.17591970336353213 0.25337286946188015 -0.6424185768999294 -0.1536159610416422 0.9824896891638569 -0.1054331408996253 0.3650328550380344 -0.26748399863190514 0.0613699328270319 0.9616059701461368 0.6738318683445086
0.9985290905766881 -0.01923606539389571 -0.05069150875890932 0.7082692708450052 0.01749470919377589 0.9992489813160147 -0.034574679884741624 0.015808215908046694 0.05131851929194747 0.03363699045796029 0.9981157059432605 -0.7057653578112837
0.9941570132777502 0.10665966032897595 -0.016599693044450345 0.6959554140883185 -0.1076552128846921 0.9909411508361777 -0.08028692744290994 -0.7065012504062219 0.007885942519077038 0.08160485548041167 0.996633563288236 -0.12846028481831318
0.9672852493812505 0.17351765119734813 0.1850699085545992 -0.6344298854642214 -0.16144919282025968 0.9837526754094397 -0.07851644262481478 0.4319816365056464 -0.1956870063829967 0.046068409433413504 0.9795837366887716 0.6410074774538581
0.9950991672767671 -0.022855988089055757 -0.09620421557061432 0.6995475131925735 0.041511745989020854 0.9795942730981568 0.19665155747727087 -0.5461328710791243 0.0897464329654794 -0.19968140604915194 0.9757422374009469 -0.4608385443004508
0.9910688344365963 -0.12222831765285957 0.05331794981278182 -0.708335903232284 0.1144964027306965 0.9849280829045657 0.12964276018223142 0.47899491740491656 -0.06836036256645212 -0.12238018577240778 0.9901262298111762 0.5184825139697207
0.998551924513101 0.017747923690104084 0.05078449818470743 -0.6774820886684032 -0.015996994053906588 0.9992704714315389 -0.034678827924673694 0.19854431153174854 -0.051362926634116235 0.033816211048550274 0.9981073657868165 0.7082359606034432
0.9956420488243316 0.08721656394840366 -0.03301789796339577 0.6033209612174084 -0.0870615301641132 0.996184216444313 0.006107116562969139 -0.3989227410920657 0.03342455053355803 -0.0032059133276676754 0.9994361017800815 -0.6905537375145365
0.544296283592974 -0.7548272884727515 -0.3660291248572308 -0.7286840959129182 -0.8074614626018699 -0.5897192044089807 0.015402803773588186 0.5188198141690272 -0.22748086090861708 0.28717072366122587 -0.930475917685225 0.447040813337204
0.9753920538304008 0.155765003967131 0.15603719064259008 -0.6285594447890259 -0.14090122892666793 0.9847307280129516 -0.10223618241130272 0.29147335234025323 -0.16957943569745443 0.0777345280181343 0.9824460077491948 0.7210799603664257
0.872290541550683 0.18328214431917988 0.45333968135933056 -0.6149497867248802 -0.06671082882662849 0.9630344799466415 -0.26098707966327667 0.38199016983805495 -0.48441601587734506 0.19741389517373023 0.8522727718012908 0.6898697485425189
0.993825397952048 -0.011363451245767056 0.11037187305304857 -0.6914023358282599 0.012210643255738243 0.9999009249601684 -0.007002889052456024 0.1620474928764318 -0.1102813609670023 0.008307360566689528 0.9938656897104763 0.7040620853757774
0.9939802242442974 0.08094856189661898 0.07382847782614177 -0.7452988928137761 -0.09771930235923831 0.9597442871410826 0.2633283905059963 0.5870721951617893 -0.04954040530394996 -0.26895767999245523 0.961877078745198 0.3160313244576834
0.9359255157538219 0.21775749963703184 0.2768123919060898 -0.6301920470478938 -0.1830827063072724 0.9722265929526598 -0.14579497455971477 0.4867646425258114 -0.30087231778970225 0.08577367490956025 0.9497993077910518 0.6049117015104801
0.9937205911541569 -0.09861431641549248 0.05286400773813532 0.37422825606368076 0.09947157020718103 0.9949442652049898 -0.013831697517710184 -0.6518978003674908 -0.05123273793923491 0.019003308491121307 0.9985059242836976 0.659532008502668
0.9923105664276818 0.03633317671277736 -0.11832007448413717 0.5690297060251226 -0.02322261834321321 0.9936207664217518 0.11035616218741973 -0.4786835380487374 0.12157487303410675 -0.10675988387689772 0.9868241370382733 -0.668630887756545
0.9919762197226463 0.028012804266157654 -0.12328204371243245 0.5848500061232235 -0.016005004657777988 0.9951230200425238 0.09733455094338933 -0.4287818052470111 0.12540741338004185 -0.09458043020938689 0.9875867166435233 -0.6885467550041753
0.9808845870804255 0.19427672847259003 -0.011044437606818822 0.6206617948725088 -0.18881619393646315 0.936519982942293 -0.295429799541473 -0.7276938641778758 -0.047051798429085495 0.2918679056075788 0.9553006092015403 -0.29195988838110415
0.9862049684999247 0.07967284932537946 -0.14509306388121473 0.6523777509954042 -0.0660630802549863 0.9931553630196897 0.09632286505525198 -0.3199351492488898 0.15177427164472268 -0.08540879337401061 0.9847181873414903 -0.6870551435520073
0.973532229289036 0.06698739551763944 -0.21851244215669463 0.6227723049957474 -0.04528008312130086 0.9936623112599048 0.10288306592511853 -0.32051475347710606 0.22401944694166048 -0.09026571898227786 0.9703954798784693 -0.713740113019994
0.9921809412235428 0.11160119943723068 0.055876221748937915 -0.5170477692751876 -0.1082351998180974 0.9923112411283421 -0.06002951149780866 0.4957218775069184 -0.06214596843803749 0.05351236319300867 0.9966314793304485 0.6977975526243757
0.9894664882846038 0.019986881907199883 -0.14337570614773398 0.6709184778074314 -0.012405161300308803 0.9984864764124919 0.05358048520197864 -0.23822369079743336 0.14422961046486626 -0.0512374957720787 0.9882168479094853 -0.7022235180335447
0.9390467954218311 0.27811474198543434 0.20209726939858613 -0.6356654621337319 -0.26638394333178145 0.9602296359929728 -0.08365788005808408 0.384553209342472 -0.2173262771571805 0.024723196621347046 0.9757858642170538 0.6693640634473246
0.9955247978576076 0.08694750247803622 -0.03702038172955052 -0.6799405880937335 -0.08804300788473174 0.9956925334826726 -0.029065572925129735 0.247272635529884 0.034333738700858485 0.03219488437141589 0.9988917277698983 -0.6903166232830069
0.9698605274146114 0.23672382699264463 0.05772683169036891 -0.5786849584815876 -0.23535675198583728 0.9714603746506508 -0.029528626420722515 0.4409971879089384 -0.06306945899347 0.015052249585152971 0.9978956223597222 0.6860358584531656
0.9462652988468025 0.29671682817940787 0.1286122392057717 -0.683783193943386 -0.2895364796125575 0.9544728577130492 -0.07176483026282267 0.6655683684103301 -0.14405072430202556 0.030670633580612602 0.9890948898178705 0.2990974601232731
0.9554815365349945 0.1849697117639883 0.2298722233560927 -0.6411009371096931 -0.15756741607464197 0.978580503354928 -0.13248663270374428 0.2502180250296092 -0.2494544903029144 0.09036815912456857 0.9641608025034775 0.7255208669551519
0.962414025819889 0.23694064159943728 0.13273422792784612 -0.6093156641689135 -0.22639815051582834 0.9698881581950851 -0.08978216992230886 0.5780894875712923 -0.15001040079996664 0.05635683588876361 0.9870768899637156 0.5427218124950909
0.9298072831115667 0.33236790220279294 0.1580822376423164 -0.6463962739309924 -0.30212354211758474 0.9345670262752142 -0.187898479763482 0.6660656932864318 -0.21018987028639366 0.1269490093873064 0.9693833954863117 0.3721939672737783
0.9615202433758472 0.2737067579430487 0.0237367275494412 -0.6708959313992582 -0.2735463242617914 0.9618086548642387 -0.009824454748590755 0.6713009338244008 -0.02551920965300264 0.0029533175497453157 0.9996699694669918 0.3150455609565215
0.9962204889886503 0.07801081888131545 -0.03819750589607357 0.6820992268721768 -0.07440002055369074 0.9933166658564548 0.08824193035868061 -0.30673070826447346 0.04482604444766841 -0.08506652378745949 0.9953664211082737 -0.663819943439449
0.9594468951520214 -0.037059278011725344 -0.2794427764255061 0.7118894565992127 0.08812939516107787 0.9810628028172239 0.17247894548887827 -0.24392307012430567 0.2677589682749924 -0.19011151159691103 0.944543671868405 -0.6585703739495201
0.9621095346652444 -0.03335455380990215 -0.27061544125635034 0.7007510592407261 0.013087409590389676 0.996994814359718 -0.07635482859678286 0.11836101229259217 0.27234897285732557 0.06992005348948938 0.9596547416147053 -0.703518744414158
0.9828934015623514 -0.018436707532313586 -0.18325023596317186 0.7104986572178446 0.03490211990478821 0.9955934702842425 0.08703725612363246 -0.12970622931103107 0.18083805791741403 -0.0919441664421781 0.9792057327578874 -0.6916414910700152
0.9874617079992407 -0.009476754727287706 -0.15757400278935896 0.7039577614191216 0.018173533148597612 0.998384031438023 0.05384281254222931 -0.1232818427801238 0.15680911302637668 -0.05603139199948237 0.9860382270391352 -0.6994605474067255
0.9962500756153082 0.030963425070175073 -0.08079017975234831 0.703710559527686 -0.030116095451511636 0.9994780945443559 0.011685859863082897 -0.06684291026291087 0.08110984916302383 -0.009208954007259705 0.9966626247305777 -0.7073354746913347
0.9648124787266643 0.2133162065235671 -0.1537305334919019 0.7078982871096379 -0.17392985604362116 0.9562362739532597 0.23528832005144573 -0.700556634782987 0.19719352441182042 -0.20027077772451254 0.9596907468136096 -0.09000231424123076
0.872599905448902 0.3195894343993425 -0.36936702401659505 0.647764768092173 0.023893848038651244 0.7273885963939157 0.6858096775797169 -0.7301966230636041 0.487850888116926 -0.6072630593543441 0.627082999057644 0.2172871300491639
0.7847019199368839 0.48985750181195564 -0.37984539587300303 -0.47186253332385236 -0.05430571634092041 0.6647497977337458 0.7450896560721023 0.672590157546988 0.6174899076260821 -0.5640455073232074 0.5482325051001973 -0.5700598473985992
0.9579816946700404 0.20611030915722212 -0.19947333941214174 -0.6227095759281079 -0.18732037504941867 0.9762227954651905 0.10908772023226906 0.48182426989584143 0.21721452476402703 -0.0671386183447579 0.97381222838815 -0.6165047907249182
