0.9982515642702101 -0.05561661775463561 0.020015150801646786 -0.45680991577478713 0.05731700280694302 0.9935461761728925 -0.09788134143672333 0.6343403219187802 -0.01444214739250299 0.09885741065675491 0.9949968023752311 0.6236481835440638
0.9883150271752335 0.10272347432133827 0.11261125557851903 -0.6571731039814236 -0.1012067688865578 0.9946816891160849 -0.019118767447579038 0.3229105272954872 -0.11397630012928134 0.007498343852150702 0.993455171534335 0.6810670325050034
0.9120449078619192 0.27662678088907755 -0.3027403345081215 -0.7141189534921389 -0.29488583849998634 0.9554086345825207 -0.015384512254966759 0.5066554191946089 0.2849849615248199 0.10330520345127571 0.9529489003323249 -0.4830470023341697
0.8483913867395594 0.5287390264289902 0.02582821784504255 -0.7016086805523907 -0.5227954821094137 0.8445231085568055 -0.11604138485702292 0.707853420948014 -0.08316813567775166 0.0849456358177027 0.9929085054341181 0.0817850464677192
0.9317940222812597 0.2885163470785662 -0.220268512296586 -0.6536970411293609 -0.2612765866229558 0.9543458505124623 0.14477065618522905 0.6426339569512176 0.2519810415955296 -0.07734542700176289 0.964636325046049 -0.39962704587144654
0.9140845850566081 0.2913971491325073 -0.282023177840645 -0.5910614083807175 -0.2575284346448942 0.9543409485459606 0.1513686205187407 0.4885533732549101 0.31325465153966897 -0.06573473515458439 0.9473914016302434 -0.6418426699778156
0.9285745541753372 0.19851421303253666 -0.31359433120218644 -0.6420806332647934 -0.1785579908244408 0.979671482165799 0.0914375794944638 0.36231040039742 0.3253710823825817 -0.02891183590054691 0.9451443088195829 -0.6756209248906837
0.9311337950683619 0.26120870886539427 -0.25447959858201463 -0.6054713075375813 -0.23612450734601148 0.9636313502387167 0.1251392738819868 0.5145022871327819 0.27791198734886025 -0.05643253715704455 0.9589474938899551 -0.6072000430532497
0.912371332167759 0.32534987933166354 -0.2484471941022885 -0.6787199281692475 -0.30938192921969676 0.9454555439030685 0.101963897411051 0.6305840811742911 0.2680697187500424 -0.016163864693350183 0.9632639074352614 -0.37643455696243716
0.8980858155360153 0.28895756475677453 -0.3315801467260132 -0.5466381194576122 -0.19981526635898578 0.9396646797193077 0.2776763385992746 0.5490006361287761 0.391810830966804 -0.18312240566857452 0.9016376529844218 -0.6322855904463143
0.9772687263474484 0.14581234698527262 -0.15389800508740248 -0.6989866695108417 -0.15706573948346736 0.9855363836979477 -0.06362695881529432 0.5383107378745825 0.1423944871957737 0.08635274097686743 0.9860360105706254 -0.47078571063177344
0.9880228649303242 0.1280287271344483 -0.08613630711382586 -0.7021946019296802 -0.13623573649133858 0.9858851378035192 -0.09731556484344367 0.5943599696426866 0.07246131711152454 0.10788484641722812 0.9915191462780706 -0.39199358095147796
0.9928834252641501 0.09645661556859558 -0.06984715562413353 0.7125490119504206 -0.08169839201939266 0.9784158045468698 0.189810131853772 -0.696054264229278 0.08664800388454101 -0.18275293356319322 0.9793331857426621 -0.08821772393752668
0.9990901712394873 0.03598667365179298 0.022886438170488757 0.704015208195036 -0.03506077708860483 0.9985984791256375 -0.03964617759515503 -0.704840921555716 -0.024281096404310892 0.03880769005548688 0.9989516462521905 0.08695896693607445
0.9794619287471863 0.11285066358605383 0.16708996936689408 -0.6944437541508149 -0.09209039287842857 0.9875944753200214 -0.12718691700355172 0.6788554011783955 -0.1793702586114514 0.10918736211466507 0.9777036515632446 0.238543951111409
0.0528017514370675 -0.9965887676984759 -0.06342557167587583 -0.708913449072763 -0.9985384221062072 -0.0534251169304516 0.008171686399624902 0.7023420431099809 -0.011532329462184986 0.06290139090831853 -0.9979531153310632 0.0644777186620071
0.9848363573225742 0.09615802806343077 0.14439869436582808 -0.7060176909979874 -0.08895646631232429 0.9944857015873023 -0.05554220413015475 0.6798705510629464 -0.14894326569814312 0.041854784402311135 0.9879595541447072 0.19828024055673343
0.9592842926588033 0.06775939954880124 0.2741939270496075 0.6612185924522631 -0.042111859541897737 0.9942582536619241 -0.09837233509003071 -0.23466858732020174 -0.2792852254309616 0.08282021974088045 0.956629799900698 0.712545175494571
0.9896281260589903 0.05905485503093395 0.1309530305500644 0.6757738463269288 -0.054970731913876816 0.9978886667898332 -0.03458941059430279 -0.19333977340077727 -0.13271921769594408 0.02703206965224761 0.9907849799348457 0.711301230592106
0.9886871191814701 0.10769119881830863 -0.10440491397305307 -0.6125789428521939 -0.10576996069554173 0.9941061678027586 0.023783240968735575 0.526250666035273 0.10635081466123625 -0.012471280350826897 0.994250457071709 -0.5897518760220437
0.9813046095123279 0.05209558799563445 0.18527631543520773 0.6808675902257898 -0.04252847672288561 0.9975667449192387 -0.055244168007718336 -0.18131110069587728 -0.18770346831502227 0.04633183724635927 0.9811323910868952 0.7096094766451301
0.965778741303577 0.19402957536341217 -0.17211608504254533 -0.6310957284105165 -0.1895842472718582 0.9809631295118255 0.04206128534327519 0.4627378771306123 0.17700066675705362 -0.007991396790268807 0.9841782874788993 -0.6225687421085754
0.9881952829723661 0.12010753888649733 -0.09510132393291706 -0.6330786667003608 -0.11056402199012322 0.9888287533197966 0.0999664626231423 0.6500053315352186 0.10604564938050312 -0.08827160194901365 0.9904354822686949 -0.42036230890112375
0.9922974599530994 0.11377207296801367 -0.04900679935670044 -0.6067455805561088 -0.11479985892827443 0.9932128888054986 -0.01868555326139021 0.5428956633135078 0.04654829063107713 0.024167600691771485 0.9986236446810818 -0.5806238879266137
0.9954298011074552 0.05006401711772526 0.08132100132935122 0.6762492489524892 -0.048261282768273295 0.9985467115406995 -0.02398569275246812 -0.20058516763106302 -0.0824036385891605 0.019951417525858883 0.9963993081520961 0.7088388701373625
0.9928928577802616 0.11270645348966574 -0.03822340004142755 -0.6216401695282091 -0.11321168821048294 0.9935064624650434 -0.011314711340875222 0.36843005851083793 0.03669995397105574 0.015561631726034975 0.9992051586118567 -0.6912472724102716
0.9706409912138141 0.167991383848573 -0.17214807907178675 -0.633632140836444 -0.16524047555115215 0.985787999226356 0.030292009192647046 0.41378480961013353 0.1747903069826635 -0.0009568353775694094 0.9846052168513867 -0.6536760982588626
0.9696851270690046 0.18597300422110233 -0.15850803147521197 -0.6182435860838021 -0.18203719090433262 0.9825128288998649 0.03912802288443781 0.4761350911964022 0.16301293037311027 -0.009087505057131767 0.9865820806111412 -0.6253560931162612
0.954400081774034 0.20585810777320054 -0.21620111788275692 -0.6480573204648231 -0.2010861665978359 0.9785808550879775 0.044089269196375236 0.4936999860690711 0.2206464083385541 0.0013962518828324055 0.9753528658736674 -0.579898295520303
0.9778331921794363 0.16031386448312934 -0.13469117687012128 -0.6216508615215157 -0.15846605205239894 0.9870628843109449 0.024400261529013867 0.5272480247848153 0.136860361752773 -0.002515406576029111 0.990587156241518 -0.5792751735833912
0.9872782711861401 0.07739307937140619 0.138895379725597 0.6829381626814073 -0.07165002031547386 0.9963736142399555 -0.045890036339058665 -0.1599897311151086 -0.14194326272316965 0.03535437896243053 0.9892432350315481 0.712740311678145
0.9919963790260409 0.09831944482892199 0.07922418044862295 0.6165907549425844 -0.09089965480472001 0.9915666994688755 -0.09237279502528672 -0.37764943635095144 -0.08763810104974967 0.08443202753063248 0.9925677790314675 0.6907942849670532
0.9849401776206159 0.005166768202331251 0.17281826007402373 0.6863499579739943 0.01284750364315844 0.9946028012299065 -0.10295731851481932 -0.2215515619368371 -0.17241748217280273 0.1036270828112338 0.9795578796320437 0.692703862117459
0.989144379881752 0.009649961762737191 0.14662971726877994 0.6873789292618019 0.002538468110279357 0.996570405882277 -0.08271023092270297 -0.20729108334614027 -0.14692498741874233 0.08218457493721953 0.9857275200147309 0.6960895160624693
0.9930823782434324 -0.005866780576168795 0.11727306130582443 0.681954072549337 0.01886880416367151 0.9937447659640799 -0.11006956140745008 -0.28103406326025754 -0.1158937368963549 0.11152094424217573 0.986981114684335 0.6752469905307268
0.9823147225770315 0.07883501797989767 0.16983175718492374 -0.6744272399900338 -0.03421505695274829 0.9673469231646483 -0.2511359395260028 0.6932427233815271 -0.18408453407641262 0.2408837275201402 0.9529364690942795 0.2540913702548529
0.9908548648270747 0.025374627454184756 0.13252458311604903 0.6829575851778762 -0.018206716913227436 0.9983191371019341 -0.0550219588463757 -0.19404503106941018 -0.1336979891687337 0.052105938026409074 0.9896513623062533 0.7042126545052109
0.9962821334809558 0.08420731404462731 -0.0181944708091199 -0.621995581289051 -0.08461908677270544 0.9961434984145844 -0.0231892371609303 0.3788560074240539 0.016171600427533017 0.024642622176667628 0.9995655158677044 -0.6852660961229592
0.9698853409602635 0.15060498104928632 -0.19141725385538386 -0.6104318592530618 -0.12632166161667946 0.9829858801649527 0.13334765540771212 0.5678872085112264 0.20824327887543806 -0.10515179066224695 0.9724082669968048 -0.5521567382710972
0.9639121942993603 0.2209750669318527 -0.14846986723054234 -0.6743546790254002 -0.19901987483899192 0.9685369468448555 0.14942313079144667 0.6787885195826335 0.17681733823373746 -0.11448232348667953 0.9775630038565428 -0.29067492592132266
0.9807553536208093 0.14384815631733017 -0.1320100157875366 -0.676640856270234 -0.13393668662838304 0.9876608013494641 0.08116098479407596 0.6575329341987941 0.14205597600640046 -0.06191808622558387 0.987920163919651 -0.3313722862126656
0.9987792441320326 0.04006634607174547 -0.0288913378628442 -0.7055688323929854 -0.03941283621572672 0.998961824463808 0.022845165908181843 0.7060669908326901 0.029776665906010795 -0.02167858797060322 0.9993214642902064 -0.06034921053393433
0.9840806754268341 0.10114308493701935 -0.14613452918762299 -0.6608937693027241 -0.07431520907807343 0.9811103334577101 0.1786050483110218 0.6771742639592805 0.1614387622324564 -0.16490175848644878 0.9730081891212063 -0.3235033878154054
0.9957458727464097 0.05887841056123849 0.07087658060511001 -0.6906982179765162 -0.05571556440592923 0.9973954386266413 -0.045805184091954845 0.6804585967738946 -0.07338891463578992 0.04166139431837716 0.9964328353843166 0.24476942162077173
0.9900574886258364 0.11772121112937023 0.07699276372579557 -0.6933970768470775 -0.11555884156985452 0.9927857698360394 -0.03197763821948478 0.6777798624235972 -0.0802017665075728 0.02276250560235432 0.9965187128136468 0.24457095476155344
0.9954130237269516 -0.0030475995055619376 0.09562230039076136 -0.6894916572175028 0.011151504102368592 0.9963755052142367 -0.08432968970255342 0.6822134784608244 -0.09501871474095075 0.08500920389185977 0.9918391397311611 0.2432817799052036
0.9742136715514027 0.1359741910489693 0.18005205228186885 -0.6464141561802069 -0.11281523816244993 0.9846490586918821 -0.13318766179921093 0.611066005684357 -0.19539816836573487 0.10944062584693909 0.9745985354049875 0.45688847149692496
0.9852398099324675 0.05231085999205287 0.16299107598616258 0.6506665888689165 -0.03363578661289349 0.9927610720403828 -0.11529999002671887 -0.3319937541897821 -0.1678426369644112 0.10811580720746344 0.9798672468496492 0.682944461364658
0.9967637595550429 0.08038134840543801 -0.0009200359884833365 -0.6582364349742527 -0.08015082704422644 0.9928990399042938 -0.08790529836851901 0.4577799929519205 -0.006152443565201726 0.08769455733200013 0.9961284114272226 -0.5976305495248097
0.9864599954020882 0.1451272980472832 0.07638550145680209 0.712287400636213 -0.12706102711004108 0.9707876853659719 -0.20353566108060636 -0.6885764549036513 -0.10369268470366409 0.19107416702231922 0.9760832391941138 0.13604824382264896
0.9973558786513301 0.026082553540810016 -0.06783031564443986 -0.6867160669406496 -0.024029232628694497 0.9992331889198871 0.03091326802959793 0.6740928637342396 0.06858459957533958 -0.02920161916374575 0.9972178388593467 -0.27206590096544137
0.9907994515424563 0.12175932245898952 0.05908565153652673 0.7123650685933273 -0.10733114238562341 0.97286297685156 -0.20498208249922284 -0.6480626116823165 -0.08244072232437749 0.19675440443824618 0.97698067106611 0.26935266916724465
0.9494165059016894 0.2473538071646515 0.19345385083419725 -0.6465971406214642 -0.2006976371737424 0.9517850368339106 -0.23200366827261207 0.6687983311212348 -0.2415134711652838 0.18144238132317297 0.9532837486842373 0.3669072499005677
0.9923652887098211 0.05641181642631382 -0.10967607182680221 -0.6940099691330824 -0.030613023293364905 0.97409984272253 0.2240364684884652 0.7104985718680539 0.11947374845008375 -0.21896849859152578 0.9683898079058142 -0.11636985055139452
0.9814971108284813 0.0982597798460566 -0.1643424385237982 -0.6783787581491476 -0.05136401250070449 0.9619421518817304 0.2683822547281638 0.7067550974943854 0.18445910022325118 -0.2549751205465936 0.9491904594163799 -0.20074733536892192
0.9975661221671952 0.06888003263253167 -0.010833882445660109 -0.6962096495651137 -0.06784395052627534 0.994704241543411 0.07720537696647514 0.6656519873895692 0.016094417705938557 -0.07628245512625234 0.9969563464658915 0.2686997497891248
0.9738536816985821 0.12986996274641865 -0.18639420435829201 -0.6615081739889975 -0.09082114273854108 0.9746315211640744 0.20456030403054204 0.6761315186195581 0.20823190599373204 -0.18228327056986338 0.9609434336091649 -0.32442734976409165
0.993924872240171 0.021879600647068564 -0.10786394864774912 0.700846080995437 -0.0020397513208261775 0.9835344983944405 0.18070896458821553 -0.7088155558020277 0.11004175460664292 -0.17939111890927203 0.9776040296048141 0.07997048584571691
0.9991961118952368 -0.024726806866362694 0.03155495199862482 -0.6919506680251324 0.02572265214042041 0.9991710213420422 -0.03155337188262923 0.6858206198506929 -0.0307485794843409 0.0323396835558758 0.9990038386949277 0.2255090916286623
0.9983292748647735 -0.006577149805707505 -0.05740557506382546 0.7094955244195806 0.014382398299560839 0.9905170985564052 0.1366346372138246 -0.6990111566876611 0.05596253717557845 -0.1372319881362721 0.988956811931157 -0.08943994440272432
0.9969635165066639 0.02265341021666961 -0.07450214601085259 0.7083756295266641 -0.012302379473072111 0.9905546602568776 0.13656542938343513 -0.7004188982176176 0.076892120623427 -0.13523419703956832 0.9878255482306051 -0.08727734249116963
0.9686741226497109 0.0450005563557877 -0.24422406522798512 0.675488531146807 0.06435124029158873 0.9043667183786247 0.4218764707375983 -0.7137405855671255 0.23985279231592815 -0.4243769416647741 0.8731407958637056 0.1851745684575125
0.9960159643658977 -0.08902636181933221 -0.005148361825248818 -0.7072331757329987 0.08916474169509747 0.9933591423263297 0.07271356953928555 0.6966565172874182 -0.0013592522638648796 -0.07288292843945972 0.9973395766615161 0.12037828734278715
0.9943719084806014 -0.0918912543533662 -0.05273049400499741 0.7030787910097985 0.09779525799566641 0.9875480544882057 0.12322713820470121 -0.6840299290802688 0.04075040046683155 -0.12769039685866931 0.9909765725847752 -0.19437919064200837
0.9190622432414335 0.26480481481475815 -0.2918955345649279 -0.5770126655927872 -0.1832061398371207 0.942810787702902 0.2784660282997083 0.5624122855834518 0.34894140392622486 -0.2024505585123293 0.9150156654309483 -0.5922404957196901
0.9813165919797673 0.10285443123681143 -0.16259985325997947 0.7140640686093777 -0.04291172839892837 0.9408292109728822 0.33615320814467886 -0.695693920368913 0.18755353867904337 -0.3228952798588036 0.927664976364783 -0.07824624644514733
0.980400736692342 0.07552882227418639 -0.1819609642175684 -0.6380723506053717 -0.011727118010116055 0.9443303604181053 0.32878966695410006 0.6938510544798396 0.19666435924256773 -0.3202117539980157 0.9267079164468298 -0.33381789884628704
0.9707472442033835 0.16395281752316215 -0.17541169145114974 -0.6820479430957406 -0.10429600955543283 0.9459785667999522 0.30699656927386276 0.7088459354110295 0.21626865298130857 -0.2797213341547714 0.9354057114195555 -0.1798556175662351
0.9751743031583328 0.12556084657392425 -0.18239943055640137 -0.646236045301945 -0.0796032081082646 0.9674133239861193 0.24036386964974488 0.6760473292659541 0.20663593036675024 -0.2198770892607202 0.9533916602843242 -0.3540324594509281
0.9615072668895347 0.17947580648813288 -0.20806780290100496 -0.6176807447567197 -0.09891344381264072 0.9325264330487429 0.34729034293874644 0.6889047872817785 0.2563589404560348 -0.3133414855246953 0.9143835120437357 -0.3793160840473704
0.9828460343023817 0.1774309780464513 -0.05031819636633653 -0.6892478010968245 -0.16240361065877257 0.9619348468203932 0.21978721008652932 0.715613297324893 0.08739988616168406 -0.20784513105219976 0.9742492809321536 -0.11329200048982577
0.9902871355462672 0.08406320965697012 -0.11074640379595896 0.7123618310932673 -0.04378991443008917 0.9445584003338152 0.32541031291744404 -0.7008156711058319 0.13196148137155317 -0.3174000711105647 0.9390651533803356 -0.03739006196745109
0.9993933990383274 0.03403513288582982 -0.007378596618800248 -0.6875988905773571 -0.03289360301428129 0.992106873305757 0.12100397853051714 0.5587877203278104 0.011438742909862576 -0.12068786877279289 0.9926245984720121 0.4636421565039537
0.9900002137219659 0.14019982433864198 0.015607244659953029 -0.7110673775603703 -0.14102184827261272 0.9808519066804462 0.13432190986994455 0.6496205432005185 0.0035235124858538913 -0.13517968196717717 0.9908148355989705 0.26902850113190835
0.9584173171961705 0.19344661264966145 -0.2097966971924655 -0.6088567451173236 -0.1616304028707662 0.9738621121093101 0.15958759182915058 0.5764943954207031 0.2351847337016778 -0.11904198693051787 0.964633166743351 -0.5449290559088004
0.9592653977197878 0.1765067255389104 -0.22057940197813003 -0.6398328393799215 -0.1039958606328985 0.9465932990498998 0.30519827516722614 0.6833381740451874 0.2626685320108224 -0.2698268000650766 0.9263901663219019 -0.3516573297168947
0.9729332493969249 0.16944345361347435 -0.15712990881903935 -0.5600031640154188 -0.14745909340968355 0.978761997757859 0.14241055970622224 0.5739633083765603 0.1779233205308836 -0.115385734701408 0.9772560689188279 -0.5974634523802721
0.9855406128452 0.14500574972286184 -0.0876529119882407 -0.6869739594023164 -0.1328151898754859 0.9823418472898267 0.13177488532170914 0.7012976541758998 0.10521323952357949 -0.11822786308870577 0.9873967523839806 -0.1903900715648909
0.9883401135870744 0.10844901014111646 -0.10687671436800517 -0.6643962978639858 -0.09879402220832062 0.9908606394292895 0.09184189896600053 0.6617136068659265 0.11586009257112648 -0.08021225236328433 0.9900214308388572 -0.34743727761009713
0.9994760348019632 0.031768131025644464 0.0062001377147778425 0.7022100224430992 -0.03180648842237904 0.9994748826670846 0.006189201229138519 -0.703959100181607 -0.0060002625594059444 -0.0063831629115331245 0.9999616253039226 0.1065019701787933
0.9873886447658533 0.11057486227842028 -0.11329988534662952 -0.6662048376221765 -0.09970126309262595 0.9902259559728341 0.09753058112931515 0.6585501853414678 0.12297691785528703 -0.08500444664719198 0.9887623181154402 -0.34997538158494523
0.976092995650796 0.19882687175249802 -0.08780853552230224 -0.7009189865057334 -0.1918252106776971 0.9779873415689752 0.0821209369120081 0.7005834787841527 0.10220348521412012 -0.06331378049022633 0.9927466005029293 -0.1337735534792658
0.9505656543058354 0.2853011492757044 -0.12258952270109065 -0.7011497600339921 -0.2643867385070112 0.9506503556835787 0.1623685737460005 0.7069843743644662 0.1628637140548628 -0.12193094545949965 0.9790854177157419 -0.0925316616556718
0.9782520740480093 0.17822708036793372 -0.10610366367044377 -0.7027849062550852 -0.16507773758932126 0.9787063228994298 0.12199702483695463 0.7061372123648262 0.12558750006732255 -0.10182848982578224 0.9868428134645565 -0.0863922036625038
0.9718467966099489 0.22130000904115743 0.08087094606447942 -0.6886741329571552 -0.22351120761914467 0.9745105949568158 0.01928316326603463 0.6230342784752646 -0.07454222955890089 -0.03681584326477699 0.9965380322381535 0.37088573232266125
0.9721788019158915 0.18631503488951479 -0.14196860526010835 -0.6817308881565782 -0.14299056050752557 0.9520930440448436 0.2703193205954152 0.7111114504820321 0.18553187518894182 -0.24249854279055422 0.9522459661418015 -0.17194039992562338
0.9769692050634253 0.2099476766522127 -0.038120144622978025 0.7072540994573214 -0.2015949936315649 0.966711189063522 0.1575720009458554 -0.6504759364323139 0.06993304583977514 -0.14625816219182192 0.9867714624429725 -0.27689834763558563
0.9884223313330169 0.11771190343188209 0.09573506521983718 -0.6811150542945565 -0.11949827559477527 0.99274764632346 0.013125275201122222 0.599015292301767 -0.09349575954062486 -0.02441349032140483 0.9953203124814886 0.421026082804797
0.9973134128365386 0.0520827525817959 0.05151061502097293 -0.6874942878984024 -0.05499518145948734 0.9968675043819499 0.056839323742817444 0.6048740799456463 -0.048388909809722824 -0.059519455565438584 0.9970536333701514 0.40184443696158884
0.9930375515412047 0.03541718935171961 0.11234787015103723 -0.6248295863638461 -0.026201180398609858 0.996248879416477 -0.08247222809609567 0.5844439552340442 -0.11484737426153635 0.07895437264546787 0.9902405201088228 0.5176999625215088
0.991828642197953 0.09848616897396328 0.08109512338357483 -0.529445464503657 -0.09041016666035151 0.9910841019516751 -0.09786881333238479 0.40867625503547667 -0.09001081201840527 0.0897372686205336 0.991889750093383 0.7434186025966023
0.9679195331929644 0.18428573015300326 0.1707938726227846 -0.5233491618243066 -0.1465415423005889 0.9662079082715747 -0.21205625285200314 0.5731250278568799 -0.2041013318028037 0.1802249917615268 0.9622170226621846 0.6305817609650998
0.9242717014921598 0.29372878659488183 0.24381390802471914 -0.524239626154928 -0.17665516587162117 0.8953083758630408 -0.4089203644725393 0.6395373223206137 -0.33840031647688773 0.3348825346819131 0.8793969034363037 0.5622853614739767
0.9741933492639856 0.13600615787012582 0.1801378451942427 -0.5621004163383595 -0.09290156399252048 0.9689474685816393 -0.2291508292303935 0.5860818732411952 -0.20571003295309154 0.2065021262617889 0.9565773644571556 0.583567613743544
0.9654048806422566 0.15617043706334424 0.20881621349778862 -0.6528076331081981 -0.14459893245868166 0.9870342863926176 -0.06967399957821724 0.3513586621065965 -0.21698978124307966 0.03706901769483295 0.9754697959256455 0.6711104862228979
0.9307962084341627 0.09823384082018335 -0.3520916512533375 -0.7021081836062172 -0.10467000578829178 0.9945067176792399 0.0007605124223418191 0.3167799197291616 0.35023222046645863 0.03614555309551279 0.9359652187653945 -0.6377261018411935
0.9572143768601042 0.28840981977891733 -0.023673035027515388 0.6946264837095815 -0.2838919764321648 0.9517704503048847 0.11635443972567464 -0.5901132661015669 0.056089058199980335 -0.10465555781480895 0.9929255922619329 -0.4114126654591517
0.9982801165831758 0.017961306749562117 0.05580502033445511 -0.7069836478775328 -0.020734044460962137 0.9985583325604959 0.049511169187296686 0.17905046288310353 -0.054835282756375614 -0.05058307952122343 0.9972133391763158 0.6841893402963269
0.99876228392017 0.01654831808320051 0.0469047267040657 -0.7040400896118321 -0.020303106661488685 0.9965283552294417 0.08074045506185931 0.2551806391792776 -0.04540577142234303 -0.08159283297153659 0.9956309183272791 0.6627295025931913
0.9873243192740464 0.13699419402083882 0.08014536402450917 -0.6629229115148083 -0.1396740794682764 0.9897780422253156 0.02881976150682497 0.4444118282848291 -0.07537798149811403 -0.03964868135513938 0.9963664697148675 0.6025208214404423
0.9975015434555092 0.03650133933042224 -0.060484072539490064 0.6789273589388739 -0.033580137257813863 0.9982522496381211 0.04862941984207278 -0.2589475160657737 0.062153400434918016 -0.04647685789202591 0.9969838797567698 -0.6870253453895653
0.9851573994449933 0.10748223220626157 0.13383746888945952 -0.6860838625492458 -0.1101001334209269 0.9938444692082489 0.012293561114160939 0.5648540397375275 -0.13169228883830636 -0.026846615878593577 0.9909270408442767 0.45850719442741916
0.9813680047890465 0.16695822668593185 0.09508832587786586 -0.6841258401432198 -0.16823752740845677 0.9857309030360983 0.005542668231719894 0.6126166056713402 -0.09280610727670335 -0.02143682209487191 0.9954534088095824 0.3958190613197646
0.998133197099085 0.05388407545521072 0.028751126257864523 -0.7058861704206046 -0.05567844475335107 0.9962804379577305 0.06576625071113881 0.21775944596914246 -0.02510043104423837 -0.0672442960784741 0.9974207602643446 0.67402191218101
0.9882247022387354 0.14572679428143093 0.04664374892329892 -0.6741813160097894 -0.1479930992213922 0.98774872710141 0.04950247157861212 0.5791658274024506 -0.03885846713406754 -0.05582251819831868 0.9976842516517882 0.45830829963305636
0.9879099020155692 0.14002903040078754 0.0665274089725697 -0.6758968066886932 -0.14401720265516899 0.9877857322745371 0.05948438832362368 0.43507061403911834 -0.05738528416735661 -0.06834630758037316 0.9960098952325525 0.5948756739921812
0.9672008820908728 0.24997959151739801 0.045085003132216195 -0.6954776258839808 -0.25218411187761736 0.9662507267096231 0.05256145783387828 0.6474229989593467 -0.030424125281337783 -0.062207209854806905 0.9975994364688392 0.3116958971710524
0.9961620818658781 0.0869721981845672 0.009845983728617391 0.6017323632210078 -0.0866839421086088 0.9958789850448762 -0.026663483015149925 -0.39100460174180235 -0.012124390011508335 0.025707662066633413 0.9995959760212705 0.6964435113267952
0.9935183303839188 0.10243167260443856 0.04928569405625893 0.609772839473056 -0.10010622083170498 0.9938400892985249 -0.04754599303720369 -0.3691811702011449 -0.0538523141744518 0.04230401104572837 0.9976523938263762 0.7013432453584194
0.9815166504161101 0.19128007264210373 -0.006082661092890677 -0.7073640698241097 -0.19137651533300976 0.9810705055516544 -0.029592102250692556 0.7064114702269789 0.00030713992535608484 0.030209219563780247 0.9995435501859902 -0.024877850663391106
0.9859599215713302 0.04909501816039369 0.1596017300873877 -0.682356673631058 -0.03749329303891408 0.9964852834860075 -0.07490882973928922 0.6303293039114198 -0.16271842560741206 0.06787310945906558 0.9843352858554867 0.3702355177204138
0.9704337085089295 0.061003935811857146 0.23353144800019734 -0.6374122927141063 -0.032986568833219154 0.991975326644412 -0.12205260179661781 0.5071510575181629 -0.23910312349740925 0.11074055781047545 0.9646586055126485 0.5800891086334542
0.9641149840834498 0.19691279068588768 -0.17806642111882068 -0.5884450457784941 -0.15560677718949306 0.96256565960728 0.2219321559339724 0.6311934845337346 0.2151019022660391 -0.18625977506992064 0.9586649403375689 -0.5052991323769598
0.9798072867792826 0.1487138050476728 -0.133648363111798 -0.6041565234450592 -0.1416199431961785 0.9880301938380678 0.061156583892673144 0.5230885898135745 0.14114344640588716 -0.04099439294041465 0.9891400241038248 -0.6011432627798683
0.9970105828623722 -0.053765180977627225 0.05549056653950432 -0.6965508358334187 0.05348885072230192 0.998547588979418 0.006454098837071043 0.6658501338730619 -0.0557569772211466 -0.003466678213272123 0.9984383514435562 0.2673210285798547
0.9971799496353784 0.07504629914127797 -0.00044836411720271946 -0.7075639201273296 -0.07500371794203126 0.9967829451161363 0.02825247989952938 0.7062394967376657 0.0025671657632527316 -0.028139177507505296 0.9996007184616991 0.024063918670375967
0.9975578825444795 0.06984402957271976 0.0002872393062788303 -0.6366452428540688 -0.06969822996331512 0.995724767437948 -0.06061636949393592 0.45593370668044736 -0.004519702794968994 0.060448317128681095 0.9981610958372177 -0.6219383328465223
0.9750360766874085 -0.034107726394206714 0.21941128539399207 0.6871901316528781 0.06337651083103116 0.989776166184218 -0.1277754230224073 -0.26290045588581457 -0.21280993170646478 0.13849116886606472 0.9672290985662091 0.6772393027977119
0.998311259877526 0.017078077872305863 0.055524478006862055 0.6651653749341514 -0.009356809487090723 0.9906021321155773 -0.13645462969168257 -0.4371473094702291 -0.0573330490901135 0.13570466132104445 0.9890890588707225 0.6053571291491077
0.9802179452528745 0.009611499151353176 0.1976876295783211 0.7123385472343007 0.056869816967329234 0.9430222011747241 -0.32783372616263906 -0.5525377390567136 -0.18957479717075898 0.33259096075456007 0.9238206801658122 0.4327537880160278
0.9952809760072747 0.08061365580287713 0.05401127008414147 0.6190158519938798 -0.07600726746384298 0.9936879423860611 -0.08250556617123339 -0.40875781625626845 -0.060321423148717246 0.0780109713735907 0.9951259288425067 0.6706239055012116
0.9901434790452287 0.0286435630134447 0.13709645218642724 0.6418017555082696 -0.008249426366341128 0.9890914549267731 -0.14707154978263093 -0.38928526547026826 -0.139813582562056 0.14449096888294924 0.9795787472390514 0.6607174045794815
0.9962069045647008 0.028086250008035135 0.08235876309235612 0.658961149419749 -0.019048477227970567 0.9939098875900569 -0.10853704835684139 -0.34128507271855457 -0.0849055876424642 0.10655654795086969 0.9906748928260376 0.6702944895304556
0.9974732234366457 0.0692819035080714 -0.01572216184898395 -0.6567904292317173 -0.07028285798504591 0.9946227271063084 -0.07606543628392351 0.3962932245321342 0.010367661277321194 0.07697823439068996 0.9969788678952681 -0.6415434609280499
0.9920091648882741 0.10871735135713387 -0.06401839026060302 -0.6503140860448134 -0.11143775804222411 0.9929430019590726 -0.04056871877478174 0.4326880098178219 0.059156088952803665 0.0473786067164724 0.9971237760506031 -0.6243978504540123
0.9832262391511749 0.11419869266116306 -0.14221399804209833 -0.6336051373469996 -0.1097812030549567 0.9932076781412336 0.03855639424410365 0.543615392586501 0.1456511246109794 -0.022297234711543046 0.9890847199425212 -0.5504787324416033
0.9586820393164529 0.2715681829678043 -0.08473175019797513 0.7103429880084954 -0.241341967856198 0.9340818730645077 0.26314465406615856 -0.7032844253878847 0.1506081074953966 -0.23182272626268824 0.9610283146425965 -0.02835236134778965
0.9357195534154532 0.2946857841638682 -0.1938793593132352 -0.6856766682015674 -0.22811572232966582 0.9247539849477233 0.3046199017617217 0.7107051255493987 0.269057864746599 -0.24081186834338614 0.9325328463292696 -0.1573077595092214
0.9869690709562515 0.15598404255331438 0.039509890464038966 -0.7158952397611593 -0.160149622178185 0.9760762670671985 0.14706195763808666 0.6241717067274904 -0.01562534773817975 -0.1514730977331875 0.988337871970498 0.3128956474740483
0.9911805314634816 0.12735447279480488 -0.0366332131668506 0.7037243466502884 -0.12605347961547636 0.9913745425253052 0.035875293860430535 -0.7010604409809427 0.04088611408047228 -0.03094114884581313 0.9986846203799775 -0.1152662223864007
0.975712032646243 0.12148524353131743 0.18228374846231798 -0.6492392184008685 -0.11433317122763206 0.9922192174068876 -0.049284384600977976 0.4149011573651091 -0.18685276371081594 0.027246288051782502 0.9820100225970352 0.6374523252034793
0.9982425867882347 0.01976372435331092 0.05586710232346287 -0.6508804797103674 -0.020991392075284665 0.9995490126169028 0.021474003709507583 0.45269969347260786 -0.05541750067510809 -0.02260899326066057 0.9982072600630911 0.6094403897526064
0.9886988532809882 -0.002906608826971635 0.14988705463109686 -0.6341626761001073 0.01252711126593753 0.9979171312261931 -0.06328088723000075 0.4730503772513616 -0.14939092678000676 0.06444339244959241 0.9866759347249723 0.6116052982307255
0.9964979760277454 -0.020108655100868178 0.08116295806980497 -0.6361635047129667 0.026887964957436727 0.996160175365651 -0.08331831944970211 0.6173292843945555 -0.07917588719461377 0.08520884347008409 0.9932122793650088 0.4628180526948157
0.993586649503533 -0.04957161567743912 -0.10162787436265355 0.7074833811473049 0.06787531023778509 0.9803113709885936 0.18542534392738347 -0.7067018563412324 0.09043512696108427 -0.19113416970702082 0.9773889793638662 -0.006304890501288562
0.9957162185607076 0.079025940130662 0.04800117583591734 0.6607621818452499 -0.07422268345374297 0.9927326905626082 -0.0947248560265494 -0.36020917352851944 -0.05513805723899878 0.0907562993669864 0.9943455580275498 0.6585155202035907
0.8479110509634946 0.2760146544513855 0.45261767550777765 -0.6517164017948606 -0.17072828891582637 0.9504577005012319 -0.2597729988312579 0.5107369895390425 -0.5018951095775452 0.14298975517844864 0.853027097398524 0.5607258324245068
0.8923358471798428 0.2357023183038282 0.3849430516115774 -0.6948291241065034 -0.18140504746925912 0.9681941088712525 -0.17231475937852067 0.5920392011279538 -0.41331458308473534 0.08393202424106341 0.9067119006146821 0.408291651422318
0.9424874898724003 0.170130236841675 0.2877030308255678 0.6990234373777432 -0.08958877793364006 0.9578527456517191 -0.27293216834191636 -0.699111284063665 -0.32201115245031353 0.23146019130653694 0.918005989924882 -0.15036504411417542
0.8746776869053378 0.44649451058320494 0.1886308459637287 0.6910247418092927 -0.45895747895498706 0.8880754396071335 0.026077693108835703 -0.7167003525039636 -0.1558748746309354 -0.10938311380492304 0.9817017662575173 0.09394365826437817
0.41689003083297416 -0.9089528471321815 0.0027246802349388255 0.7094198290676313 -0.9030269033190196 -0.41451023201882253 -0.11279928826798602 -0.6863201880181848 0.1036586420620311 0.04456443920888695 -0.9936140582156903 -0.16027509364943843
0.9574390801659229 0.21941422982803277 -0.18753080685583998 -0.6602476996943385 -0.13375666540135495 0.9130222113034505 0.3853564533354378 0.7131437121224896 0.2557724813808966 -0.3438718328324211 0.9035112618848367 -0.23558230177262937
0.9893994683924148 0.008871638157129297 -0.14494821827541082 0.6306234730690102 0.011230998687024762 0.9904681051562851 0.1372836382698612 -0.4246108745471584 0.14478451786465024 -0.13745627197231491 0.9798689793447765 -0.6496303875517804
0.9996404430529413 0.006160880947968572 0.02609651622083553 0.6920669285828612 -0.0017510264205137793 0.9861677455645587 -0.16574109784417024 -0.7121358779173598 -0.026756653740593994 0.165635808791641 0.9858239499659889 -0.11792310098007043
0.9928253843997012 0.11556899418699274 0.030684909551638606 -0.6483653091283178 -0.11526629105959602 0.9932684846565607 -0.011462963553270505 0.6369459274724178 -0.03180311678043318 0.007843785480618731 0.9994633744126815 0.4170399398082182
0.9833935813538648 -0.010349856617165698 -0.1811903546550519 0.6735889765683891 0.03400053899108796 0.9912020512872045 0.12791581947653266 -0.30939357877125667 0.17827234081689458 -0.13195216554510011 0.9750936357640857 -0.671232824034004
0.9879799251196764 0.017535894642006555 -0.1535843740737411 0.6441985829277043 -0.00011475159290205705 0.9936277100798393 0.1127118476184567 -0.3542186354368159 0.15458219299967974 -0.11133941871861353 0.9816862428733585 -0.6778918380267002
0.983019214607527 0.023328886919674857 -0.18201369934015943 0.6551497691498759 -0.003370394074577898 0.9940139750721841 0.10920099727098243 -0.32111411340685253 0.18347169851555584 -0.10673322067793178 0.977213464626605 -0.6838600047917668
0.9878006704765705 0.11854059511509621 -0.10098496282020075 -0.669974501297363 -0.12236651351458017 0.9919510091463832 -0.03255198647943908 0.3546799791921108 0.0963134039286569 0.04451205188744145 0.9943552712488857 -0.6521781044865225
0.9530845816095187 0.30144337715335484 0.02759838162989034 -0.7049309701639234 -0.3020193153392015 0.9530971539711368 0.019752170872052402 0.6953095476232237 -0.02034977789187624 -0.027160733835799436 0.999423924607197 0.14006055935822054
0.8830739354699909 0.42700058955541215 -0.19455313159359014 -0.670689864893842 -0.3684421679577817 0.8877305374104527 0.2760160535539894 0.696181227589008 0.29056977365877595 -0.17206100507749922 0.9412567222429855 -0.2559429691969322
0.9930295287844877 -0.0013478748915357053 -0.1178581274046665 0.7034595096207136 0.02206380840162339 0.9843844505383783 0.17464375710878172 -0.36338080039643095 0.11578231005155448 -0.17602680696851689 0.9775525663142592 -0.6108183954559935
0.986414242516122 0.15971521803787864 0.03844465227385979 -0.7390068337603599 -0.1642366488346711 0.9535982673629279 0.2523423620044378 0.5968648032960223 0.003642161570009128 -0.2552281207264094 0.9668740047439286 0.31244408498463916
0.9970943415739943 0.052935695008506506 0.05477851946784951 -0.6832604525446324 -0.05651468661648107 0.9962184027645263 0.06599230402052114 0.3485441508051081 -0.05107802069152767 -0.0688963437873325 0.9963153765826229 0.6416168084831086
0.9742470103790357 0.19485249581369735 0.1134692365475489 -0.6597577737146831 -0.18774848979946424 0.9796945578379621 -0.07034968315990997 0.6414041776664235 -0.12487300487107347 0.047234290699154136 0.9910477558809244 0.39156143948951866
0.9729501011004107 0.18210918859710773 0.14214198604635853 -0.632829657623169 -0.17604089103569254 0.9828859270882537 -0.05426655521795615 0.5566529522384159 -0.14959179607204304 0.027775848508497514 0.9883576259571094 0.5382045291492803
0.9773281519758799 0.21066156245240708 -0.021245928092744337 0.7069565380016268 -0.20752268405909619 0.9729767644837022 0.10124500667062457 -0.6969209291050049 0.042000225669869926 -0.09454058324305425 0.994634636016534 -0.12047270210371767
0.9982873189952588 0.058381261206778 0.003749276352085329 -0.679650509822906 -0.058498970494015395 0.9955922970154567 0.07330653841661983 0.32534546383234003 0.0005469775119469333 -0.07340031650744414 0.9973024086766302 0.6574386006777998
0.9835363580815055 0.019943469771552952 -0.17960648748093733 0.6987773391300908 0.025616774926496666 0.9684679848958524 0.24781756006008124 -0.4712310872954369 0.17888547502280377 -0.2483385194552747 0.9520125874066097 -0.5381928025202776
0.9871136408881576 0.055573446118438175 -0.15006082786338998 0.6678569899052926 -0.0356188707109488 0.9905386039248834 0.13253139320108287 -0.3425066397158176 0.15600626917467658 -0.12547854884825704 0.979753631152819 -0.6607996994439548
0.9819553724442001 0.02238227804976324 -0.1877835992766021 0.7003804694002472 -0.005221554022556807 0.9958017636246219 0.09138699544072403 -0.1823644877247378 0.18904068848150624 -0.0887574289363797 0.9779497619545914 -0.6900799893487589
0.9976805094944217 0.04475658930131937 -0.051287900025876965 0.6886294855990388 -0.04004971203765778 0.9951912923259424 0.08938854649406519 -0.28661963314095007 0.05504199797111303 -0.08712714498211213 0.9946754440854634 -0.6660620222334782
0.9423782089822059 0.20822769851963813 0.261848308768082 -0.7015743796327192 -0.22147419475267435 0.9749226797038534 0.021793339755820818 0.4320797393955497 -0.25074387787968944 -0.0785302118185916 0.9648629506502893 0.5666572938265589
0.9764590865503375 0.21551105935964843 0.00909041181477055 -0.7073328521124062 -0.2139851942147778 0.9625159897073119 0.16665325143728016 0.6320853973590355 0.027165952038237406 -0.16467529520676621 0.9859736599922032 0.3164621411290759
0.9908869844061077 0.11430023416931562 -0.07126317845430073 0.705962106943696 -0.11206646334840642 0.9930979496888953 0.03460592602853506 -0.7078178392187582 0.07472678185998755 -0.026304349308656085 0.9968570555903681 -0.024726707085773268
0.9534566806171998 0.2145304563829874 -0.21188921980728168 -0.6578942061572938 -0.14869066824692734 0.9458459198508922 0.28855949313391466 0.6805917657877801 0.2623193537707684 -0.2436230267965791 0.9337217880352584 -0.32244388945448454
0.9448152586362863 0.31828934395267494 0.0775630103478653 -0.7017483132084266 -0.30787057188381173 0.9435891270555914 -0.12188219833265848 0.7078442744945227 -0.11198141817275767 0.09127679238800254 0.9895093274726497 0.08065846498942962
