0.9962350379627767 0.017207393057261502 -0.08496855159103645 0.6805178344743397 -0.013217423003019174 0.998793301009748 0.047299488234119225 -0.22556040486694526 0.08567992101107996 -0.045998342168206474 0.9952603195412304 -0.6971498983135656
0.9956466276585425 0.06094573849154233 -0.07052240631098816 0.6939462024666823 -0.06322164113520957 0.9975333118858091 -0.03050107818258245 -0.10113823861184973 0.06848953879493114 0.03482683789622255 0.9970437675637955 -0.7128882975421625
0.99503631213485 0.027993036220358383 -0.0954941226266991 0.7032646591168624 -0.030665307237542287 0.9991748593953758 -0.026631546786828178 -0.05296994416179921 0.09466982869480894 0.029427712710939545 0.9950736823268407 -0.7089520465114261
0.9426049842816423 0.30317671989626 -0.13992755311356356 0.7205622537541095 -0.24817265153158513 0.9164569650225087 0.3138741249187559 -0.6858262839513145 0.22339690830265957 -0.26113312270693817 0.9390970735691468 -0.10213885992279936
0.9871782848433719 0.07646001741505162 -0.14011744955782113 -0.6862350626824407 -0.08933344985824501 0.9921058048136544 -0.088009129023501 0.3226444896915372 0.1322821555241786 0.09939787619431709 0.9862157439110044 -0.651906413541786
0.9989510583037713 0.03346422896695303 0.031255855346194794 0.671173923650401 -0.02791662456599303 0.9861346743902004 -0.1635819856774417 -0.4403430530621584 -0.03629662775818571 0.16253783973272407 0.9860344849285967 0.5963418145926237
0.9579293473462271 0.16263897750919382 -0.2364739488560958 -0.6686228760032131 -0.17255061318344042 0.9847616697849014 -0.021696534572879955 0.4383909718460283 0.22934177853773202 0.06158747208010268 0.9713955589253704 -0.6006303401336689
0.9522126525288874 0.17688048186144745 -0.24900674589328434 -0.6833085459392757 -0.17639369755576534 0.9840159178613679 0.02445274745411652 0.5611817818203267 0.2493518153663732 0.020639005109542058 0.968193009498407 -0.4670807626089045
0.28748207456427033 0.8137954626901106 -0.5050653439993793 -0.34430142141028214 0.055337449028448005 0.5123323582691516 0.8570025212363104 0.6414583315890097 0.9561860820673178 -0.2743218904414259 0.10225300428542433 -0.6855565184942108
0.9898082924228333 0.07708483153059797 0.11973918739867223 0.7378987678562546 -0.02784484618075761 0.929360705594318 -0.3681213705266257 -0.6012234897814174 -0.139657469517978 0.36103546591038727 0.9220353483260304 0.30665244778295037
0.9904624266367994 0.061489300618425946 -0.12330144901905943 -0.5141496283805232 -0.05043589369784823 0.9945868517218674 0.09084720694046333 0.5547146599315401 0.12822013121051712 -0.08376192626391088 0.9882021744870413 -0.6541726115431657
0.9876898725613638 0.15100073514278833 -0.040834955933045834 -0.7082021389353539 -0.1533095014761393 0.9862931934213286 -0.06100765007681213 0.7029640069645461 0.03106303907949036 0.06651702486653029 0.9973016459457245 -0.06550828435960736
0.9647428956613807 0.2486371069385035 -0.08631763622890229 -0.6986648039000045 -0.24670500210658336 0.9685440381715037 0.03254363314115978 0.6936721073692148 0.09169398675204585 -0.010101246244257511 0.995735997952182 -0.1751756240157871
0.9947176847047452 0.06878188669829263 0.07619566784177734 -0.6437512203488736 -0.06742120625775405 0.9975182394992703 -0.020291446794787366 0.3815209262881509 -0.07740225243738463 0.015047057137512726 0.9968863914153505 0.6633446684066794
0.9856387608658539 0.10375362846067698 0.13323444622194508 -0.6522829641309429 -0.09997125779995297 0.9943819307598245 -0.034789702388203864 0.4446103138215187 -0.13609548373373687 0.02097046398171276 0.9904737548000309 0.6138799585815468
0.9960955376439647 -0.0605657721105074 0.0642297994270477 -0.6285776482748233 0.06379519658192428 0.9967356575838395 -0.04947930672497808 0.5219214816651304 -0.061023378953105334 0.05338366931533367 0.9967077460678114 0.5766178171594833
0.9627556443193913 0.23158626487458117 -0.13953268883166545 -0.6401217409037262 -0.22153364639750106 0.9715340292808965 0.08393136161801285 0.6285391496345707 0.15499810593997887 -0.049894206784627027 0.9866540200517872 -0.4417948553333705
0.9986727300081728 0.04884918786462922 0.01632590527319533 0.5854361515579357 -0.05016724839025938 0.9943483254744294 0.09356631239473023 -0.6833760253567795 -0.011662998198285257 -0.09426115038107907 0.995479186121871 0.43619000494807775
0.9718674343398781 0.07976391956669622 0.2216109365644673 0.7012687462332747 -0.09168365554837186 0.9948149889165419 0.04401414695604099 -0.03628719087400091 -0.2169511405245665 -0.06309401685055449 0.974141338647915 0.7119728824434852
0.9422491041661973 -0.013555710424767678 0.3346384144309773 0.6934683676935512 0.05370202390700618 0.992367230137161 -0.11101068947714116 -0.1730270076627061 -0.3305793676657542 0.12257048284468314 0.9357851026859378 0.699402085804533
0.957246881763961 0.09417575545480115 0.2735129511333795 0.690549444187643 -0.09837230865880495 0.9951483352420669 0.0016369954428015615 -0.08972295102266331 -0.27203179270502575 -0.028473109234158196 0.9618669272868416 0.7176985838023664
0.9365342491671302 -0.040105453204003466 0.3482745364798592 0.6989916845926026 0.10781861009872762 0.9782360751779219 -0.17728318740612242 -0.225040474029965 -0.3335846930740946 0.2035822532633857 0.9204757023967903 0.6787985046527165
0.9602846608754588 0.06571018065538023 0.2711743760858345 0.6726225812652058 -0.044766805811014096 0.9955673047381411 -0.08271441732800844 -0.20097433049084815 -0.2754075220192492 0.06728977555818037 0.958969646506367 0.7121714552380535
0.9745567196654698 0.1270193143822442 0.18467618668562547 0.6464936033833693 -0.12325769525455421 0.9918664701797142 -0.03175603712319608 -0.2261991091801974 -0.18720774747700653 0.008185298229087645 0.9822862414680793 0.7286151136165596
0.9927666916897848 0.09947223624016435 0.06722774790739555 0.6341984047276782 -0.09856256842175665 0.9949903252810741 -0.016723417807636864 -0.2833190337973778 -0.06855447452519803 0.00997631266766999 0.9975974925831214 0.7193905118424821
0.9842842413632252 0.014722536163839756 0.17597664371422822 0.6937975822310144 -0.0035356697881586824 0.9979618452767582 -0.06371541737253911 -0.1515480579510979 -0.17655602862312325 0.06209188594906899 0.9823301718139981 0.7040441044577034
0.956411939012942 0.025509588836009192 0.2909045613099291 0.6894731015340559 0.004710769306002824 0.9946998289969449 -0.1027134793782889 -0.1671987634182515 -0.29198289601627403 0.09960678225335012 0.9512226223987125 0.7047491864290564
0.9848707067465485 0.17083986694208111 0.02904188106451261 0.6238205480138428 -0.17013415675788446 0.985097015849284 -0.02526337406442436 -0.29923734954797 -0.032925061834975566 0.01994014112405787 0.9992588909162208 0.722014496053379
0.9846751999635182 0.1418303714879075 -0.10148347796763685 -0.643321278439272 -0.14660244996124955 0.9883378032300181 -0.041183836293153836 0.4580446464922053 0.09445883887792111 0.05543042873787002 0.9939844039660637 -0.6134597252689793
0.9940916766494086 0.10540481536712229 0.025914538656725605 0.6207040312791811 -0.10233611731972897 0.9897180736962673 -0.0999272419857215 -0.4180857217381983 -0.03618089977171257 0.09668484626027574 0.9946572188424194 0.6632728208154044
0.9721684740826337 -0.08388609767416208 0.21875004140992615 0.7112160139689157 0.10712512274632284 0.9895399536979373 -0.09661722471727721 -0.04949737763367555 -0.20835706389856012 0.11736184496029578 0.9709858553403787 0.7012287722858757
0.9620984775089848 -0.04082588435716287 0.2696289426996835 0.7085495935227526 0.06276659508324406 0.9953360163809768 -0.07325687023415497 -0.028104268764227346 -0.26538062121517014 0.08740401398850803 0.9601737677223573 0.7051011442310744
0.9783303057570658 -0.04602933029360121 0.20186905059966065 0.7040361624221115 0.07247890346809294 0.9894228900640781 -0.12565489711630878 -0.18446291288115457 -0.1939500486964329 0.13756324134727943 0.9713185539464803 0.6857889732077541
0.9664281151250096 -0.0850657363754941 0.2424469401556063 0.7130760667114484 0.11324793492794885 0.9880285204490715 -0.10475947696401487 -0.07981458199623649 -0.23063304951909264 0.12869911916603716 0.9644920596849982 0.6965286466356543
0.9628818758733035 -0.0658623662893495 0.261764477768616 0.7113645565617953 0.10246006818026508 0.9863748892034613 -0.1287109644799358 -0.14716509909118156 -0.2497206990683875 0.15075386116324654 0.9565107661710706 0.6872429710641813
0.9933261127602054 0.09715660811691457 -0.06215969118258974 -0.6389432264329757 -0.09969002688307393 0.9942525023620954 -0.039036650557689206 0.4889069243003043 0.058009759943914496 0.044972825638683656 0.9973025181484911 -0.593903672969477
0.9903352049658638 0.05515106724722002 -0.12725777613455647 -0.6404050819559417 -0.053589639812857914 0.9984401821173673 0.015663755557544512 0.50888291650424 0.1279231500157364 -0.008692670184179685 0.9917459882324305 -0.5752560371653151
0.9892735519906758 0.0877164141204092 -0.11680612152455419 0.705073528820035 -0.06285098385340937 0.9774288073841493 0.20169948022803247 -0.708588054779629 0.13186202319246643 -0.19219458158193953 0.9724575310264878 0.027826023447213105
0.9492912124033074 0.19330106480816628 -0.24795340771582006 -0.5929662488545425 -0.11054316317274687 0.9435174487665423 0.3123380107333059 0.6417126172939547 0.2943236367158132 -0.26909017488028886 0.9170409340118213 -0.48641129152715523
0.9822531033327411 0.17013917486157998 -0.07893986426780747 -0.6994420979348607 -0.16825923465283582 0.9852881826963158 0.029933709977772074 0.6894749455473662 0.08287141212288585 -0.016120118374628914 0.9964298624772073 -0.18816229988745653
0.9955160674480892 0.03965758764080918 -0.08587802510073791 -0.680036385788804 -0.034150362126054545 0.9973218743228937 0.06467481552915055 0.6732231054766383 0.08821288012161745 -0.061452052362649195 0.9942042712848639 -0.29038106731619345
0.9877810687377022 0.09026579401163098 0.12704584477602046 -0.6871196190389164 -0.08424673104896546 0.9950877218549552 -0.051989557808068104 0.6529074324581318 -0.13111463896516729 0.040651103859119936 0.9905334114526722 0.31871384308301454
0.9954345491875722 0.08978275988694834 0.03239003412806324 -0.7127837578774935 -0.08095331526047594 0.9739528641271249 -0.21180741065153516 0.6986837415555204 -0.050563020401005535 0.20821833369243134 0.9767745422984134 -0.06148450042097712
0.9880346326676281 0.09084532149476643 0.12463824538181481 -0.6971404499526042 -0.07088714776928534 0.9851882497002613 -0.15613815976138376 0.7021074046620922 -0.13697655613454665 0.14543465960715382 0.9798398761300091 0.1450530432584631
0.9890739086950406 0.03655974197201792 0.14281522469839797 -0.6138974823146265 -0.026275807032618226 0.9969679461948182 -0.07324272130983933 0.3689157005064454 -0.1450599362453296 0.06868987936388929 0.9870356201117949 0.6978761259189211
0.9964477541317113 0.07348647938034403 -0.041129194426234 -0.6524531793527641 -0.06944831397454532 0.9933127129400929 0.09223223947018233 0.6824560610011392 0.04763197426059157 -0.08904825467056812 0.994887734052523 -0.32948228109456695
0.9924638390766676 0.11422264332813548 0.0443702138414544 0.6641871928471696 -0.10757354918612194 0.985541377888987 -0.1309050189418964 -0.5072065532693899 -0.05868099897499918 0.12514543627240604 0.9904015146088405 0.5491783728246973
0.9941529083794614 0.06244957224457348 0.08809112150000153 0.6424931783506461 -0.04911526157100343 0.9880420925977027 -0.14615236685036748 -0.5471172326724065 -0.09616488881847751 0.14097118209627926 0.9853321470331248 0.5365307535321463
0.9892837332817976 0.027162312745003303 0.14345697553751724 0.7072891241016995 0.010197770312523002 0.9672890265191849 -0.25347178276135685 -0.5175589764828928 -0.1456492380504692 0.2522184528180085 0.9566463042908846 0.4815338002564629
0.9905489779811891 0.13665307981259783 0.011775313080915506 -0.7075029718891007 -0.1344098493332362 0.9842116924205718 -0.11515787817101139 0.6841992234930767 -0.027326079532902586 0.11248680047172047 0.9932774059128683 -0.17694905294903718
0.9558254153063339 0.21795958871401777 0.19720900877518222 -0.6784827756331375 -0.164066306176455 0.9522990633435626 -0.25731059273295964 0.6957007660869516 -0.24388526530335453 0.21358865054723597 0.9459914723322421 0.23592703794856212
0.953395149088986 0.1821247117066337 0.24055826545634548 -0.6263002323426146 -0.14748716466422107 0.9768389090773661 -0.15502671373621366 0.5497416337761778 -0.26322086914395476 0.11232246034661353 0.9581745347006384 0.5527496314432836
0.9671357212920395 0.25323799085184284 -0.022781935612428167 -0.7185304988730982 -0.2533245799723581 0.9520177578225042 -0.17172316667368973 0.6684871527756362 -0.021798022450561005 0.17185083293348763 0.9848817885600848 -0.19193449081157807
0.9702661794848635 -0.04129571486152328 -0.23849151951782754 0.6984745295464998 0.10392858483481332 0.9609609003327679 0.2564234725719732 -0.7058807539906586 0.21859183471044752 -0.27358510918124207 0.936679666605509 0.11775267606460219
0.9979969646946916 -0.01857323055390797 0.060473908150325745 -0.5255819046345251 0.027856211325358315 0.987287329566936 -0.15648565546779314 0.6041325408830054 -0.05679867912882852 0.15785678314022283 0.9858271380246341 0.5989887599671542
0.9823927907089334 0.12478448504066891 -0.13904401122036406 0.7083997180181222 -0.07796586777918446 0.9501585909411467 0.301860854570733 -0.7057039467941121 0.16978141307149136 -0.2857052403332315 0.9431578804323156 -0.01231986164930486
0.997126533154856 0.07437093026079411 0.01440977483244904 -0.7061368594891236 -0.07427109968893442 0.9972110438050628 -0.0073442402067066676 0.7044142791253489 -0.014915784577892992 0.006252906952893142 0.9998692017084356 0.07191146664581857
0.9745452786185723 0.023189084414987238 -0.2229882649070199 -0.6465163836168848 0.06944709185608616 0.9144871781619823 0.3986104645014563 0.7080693536014084 0.21316332084807887 -0.40394983270367746 0.889598747359555 -0.28399710598072764
0.994533140640075 0.10442094851757616 -0.00031253684336002285 0.690292309626381 -0.10437213902324133 0.9939674209762381 -0.03369306506625373 -0.6951222096463868 -0.0032076103725275917 0.03354148995699725 0.9994321786330289 -0.20075268597705317
0.9976451982543721 -0.00026301523508520663 -0.06858563423181913 0.7008366189388396 0.015541131987271584 0.9748492916734319 0.22232258486344256 -0.7111715917074263 0.06680218272293945 -0.22286495764654093 0.972557802414158 0.05534438275652965
0.9968525402241538 -0.02183366754802718 0.07621223005563998 -0.5571920039124354 0.03184994776286576 0.9906316951343314 -0.13279467392476152 0.6050423686229132 -0.07259885588736403 0.13480406357630031 0.9882091228920945 0.5687361452793548
0.9991419408507727 -0.04128224142900211 0.0033404454117150206 -0.7030274375738642 0.04072892372954551 0.9939801367740433 0.10170861551750082 0.6747164251944279 -0.007519096008425652 -0.10148529076300433 0.9948086242860804 0.2247446719973098
0.9986433193157531 -0.043833208361891585 0.028109973865468776 -0.6969609146677179 0.04413493008639091 0.9989734637645395 -0.010204246201850037 0.6927672051339806 -0.02763383310877636 0.011431034029413478 0.9995527513486893 0.18525410364251457
0.9883960092032116 0.031958719333601726 -0.14849905470985608 0.7073250648643372 0.017938626685984504 0.9462170808560633 0.32303473740272964 -0.7068855865521123 0.15083611856510262 -0.321950114388527 0.9346638910225582 -0.002005028562663861
0.9941451366842657 0.07776599971533005 0.0750193074834618 -0.6899236215539966 -0.0823075745559072 0.9948308222000783 0.05947350982949989 0.6169118103131049 -0.07000650239618228 -0.06529995780236891 0.9954069545333013 0.37871521585226187
0.9889029076973007 0.052389453452738044 -0.13901936668949094 -0.7010944226881848 -0.043346652171926736 0.9967908868261698 0.06729781338040325 0.6830747302596041 0.14209893346999394 -0.06052497920050014 0.9880003137648635 -0.20463509805575855
0.9638774242778555 0.11962355626122834 -0.23797167006789616 -0.6636828914307148 -0.03338781450574835 0.940686400962967 0.3376304916411868 0.6941496207925236 0.2642452739596607 -0.3174890546629239 0.9107003543203583 -0.2787136946326133
0.9724452149193161 0.17966981135009102 -0.14855659820401101 0.6825948248909198 -0.15551612493608796 0.9746599785570629 0.16078762727277474 -0.6675394637950777 0.17368085347955986 -0.1332542122732651 0.9757449851503428 -0.29741447393883624
0.9944090322865065 0.08846224412478221 -0.05766374832961696 0.7214770860516428 -0.07240216469665628 0.9686868073266544 0.23749483333018295 -0.5789683548516702 0.07686743819233377 -0.23199202718132508 0.9696757686309623 -0.37982424670205117
0.9944232944424467 -0.0258079440840151 -0.1022558628753723 0.7067230280299523 0.05224237276011123 0.962819093935887 0.26504740489367307 -0.7074830822724503 0.09161356863818915 -0.26891140246302936 0.9587980035788258 0.003201554380047377
0.9970735775742752 0.015028288650036553 -0.0749561968317961 0.7128147498741672 -0.0010811152099218235 0.9831612167238163 0.18273711478527926 -0.41450342394749623 0.07644025178620656 -0.1821213125100868 0.9803003190025312 -0.5657579375471729
0.9783721329612065 0.17728968885912066 -0.10656610938368494 -0.6762075057636271 -0.14268995733947926 0.9514236584338207 0.27282338288141994 0.7152708681564195 0.149758290319424 -0.2517168814295945 0.956143852191689 -0.17643977532205224
0.9088917660959337 0.40196633141412963 -0.11108026797087212 0.6993794721599694 -0.34631422967698283 0.8758968103272597 0.33596314080828893 -0.713154493831287 0.2323407236070606 -0.26688545495773713 0.9353020592759054 0.0477391018922998
0.9851343747502584 -0.018504797323464134 -0.17078593666175934 0.4863736979398675 0.042187416137363876 0.989796183999174 0.13610193261054843 -0.5341244146695409 0.1665247297102441 -0.14128370966495368 0.9758629144394408 -0.6914851665843734
0.9967318703205372 0.07687083992480526 -0.02482846464399757 0.7069132862574551 -0.07578944676670202 0.9962431544580517 0.041899128323482984 -0.7072555280911615 0.027956009123629548 -0.03988046093923013 0.9988133010673989 0.007951333044053741
0.9827342195019951 0.1750472265886795 -0.059932647892579655 -0.6936293284304071 -0.1757843970569734 0.9844022442967401 -0.00721575878597458 0.6788981275070258 0.057734734528883974 0.01762639745247449 0.9981763424073559 -0.24078140959932232
0.9449625420716937 0.2454534700190294 -0.21632935107613 -0.6097396447160117 -0.15280371845764007 0.9157474075063635 0.371561178368909 0.6876004687637814 0.2893040229705084 -0.31805546639067783 0.9028532010200152 -0.3942374424346575
0.925768013187743 0.2485804275979413 -0.2848883233367835 -0.48766095402715304 -0.14017499308730852 0.9254471083358149 0.35199235927197514 0.5757662192901095 0.35114748620970077 -0.285929048346094 0.8915940905145708 -0.6562621843758029
0.9450819033207487 0.2781422738752798 -0.17163062517837438 -0.6632903124112288 -0.2044441075128035 0.9128117136422448 0.35352140294584955 0.7126157589351784 0.2549956919614994 -0.29901781037422737 0.9195463806465002 -0.2285273322354553
0.9958825794380048 0.07654558746834572 -0.04856604792478539 -0.6621783222019898 -0.07332306047693865 0.9951886611187936 0.0649865954091963 0.6753730229032376 0.05330681733326281 -0.06115800699588936 0.9967036076016227 -0.32464003071140274
0.9837927987174693 0.11500232827928297 -0.13757250336456475 -0.6828030808967721 -0.08130520705696853 0.9699338332495955 0.2293857502618005 0.7048652547953038 0.15981612089233235 -0.21448268836456164 0.9635642084961633 -0.19221062743830616
0.9604276021147156 0.17996303445842404 -0.21258440047353874 -0.6582131490947739 -0.08485297075473852 0.9160055615033207 0.3920890009284649 0.7115342353915592 0.2652900195074691 -0.35853468106098507 0.8950274230582126 -0.24591559979897598
0.9575540107521627 0.21102017753432578 -0.19636904329814417 -0.6724952901308453 -0.14125774047510942 0.9373490013571191 0.31846993643149196 0.7077746771318218 0.2512699091580873 -0.2772135175784065 0.9273705291971988 -0.21634484316196573
0.9036808855450432 0.33812461515822345 -0.26274055972504473 -0.5788626349748979 -0.17688848387546963 0.8535552818839026 0.49005494083860546 0.6933908937591375 0.38996323079588413 -0.39637750364039964 0.8311519435308087 -0.4291003592189391
0.9613697349873129 0.2637489443709137 -0.07877008946073666 0.7171728683362332 -0.2351030467688563 0.9356099873723416 0.26336383375309524 -0.6865788163224146 0.14316001554353364 -0.23467093103398107 0.9614753060153024 -0.11946801203540762
0.9968561504388492 0.07913803419800153 -0.0038712886115678247 -0.6927711494024599 -0.07811919912033521 0.9898358096135993 0.11883795999337765 0.5793995549701477 0.01323654263905577 -0.11816192935910497 0.99290611458944 0.4293766298437649
0.9910040407549823 0.04151168302544206 -0.12723117298717435 0.7243718420369714 0.00011877749033450957 0.9504054217408036 0.3110136977973686 -0.6556649821006512 0.13383189866098774 -0.3082309434467607 0.9418506826470501 -0.21304662802052943
0.9688238775648312 0.1720818562992471 0.17823616073303047 -0.6285148913892549 -0.1301133209985647 0.9656239158749611 -0.22503550117488363 0.6351589887497013 -0.2108336262529532 0.19482886804298738 0.9579096482540087 0.4489343942185873
0.982690049366624 0.1544376446625509 0.10231950345318158 -0.5460099615150542 -0.14107391737442082 0.9818157631985742 -0.12702738669844527 0.41778209797763766 -0.12007671178233154 0.11039393572966255 0.9866077043291617 0.7261757642167167
0.9616317001080741 0.10576653866064861 0.253136154365592 -0.5490333482266427 -0.045133498761855295 0.9711161123714989 -0.23429994362351023 0.4338617477091393 -0.27060569217362895 0.2138853328122618 0.9386296520838341 0.7143713085012676
0.9614159444051799 0.196108164921476 0.19292736844374142 -0.524029363813536 -0.15558792710660324 0.9659826979984161 -0.20656675460095492 0.4489626175598108 -0.2268739270655981 0.16857940211909644 0.9592232307440232 0.7237581045453128
0.8030242833376777 0.5433174674976645 0.24486349234202628 -0.449256369752092 -0.2487868203685365 0.6789950147527877 -0.6907031836844065 0.6917612443039773 -0.541532195147179 0.49373261939311486 0.6804197103011425 0.5653627995510356
0.9630585829424503 0.22768844913780928 0.14379198847675392 -0.6700085812288581 -0.15850548428202632 0.9109505901191917 -0.3808477829973771 0.7173033783739641 -0.2177020378255567 0.34398690744084437 0.9133886523467892 0.19121810702177375
0.9537503054775609 0.16006004408985658 0.25444279727949093 -0.38417953333785065 0.06319017479211642 0.7207810371842864 -0.690276537516151 0.6578631646730949 -0.2938832363562112 0.674429743354708 0.6773309122336747 0.6477824810309489
0.9764982637400375 0.18386080563446566 0.1124559694464346 -0.6856620440456154 -0.18769078831474933 0.981925449963466 0.024383984412584103 0.48481710650519805 -0.10594011938109194 -0.04491786799805303 0.9933574765611972 0.5429732356158229
0.9845489938523144 0.11683602757928765 -0.13043243984487618 -0.6452364137346892 -0.11444955121441641 0.9930973217049495 0.025671187141907498 0.31002200753954867 0.13253142620229325 -0.01034660726751191 0.9911247998041608 -0.6982523363598182
0.9974633513092404 0.0684215766040851 0.01963035022485954 0.6993451634238964 -0.06629836292347038 0.99339130553809 -0.09369226838430605 -0.04532819455836931 -0.025911191956510815 0.09215314393085217 0.9954076593009783 -0.713345426265342
0.9885887426824597 -0.025595873866409873 -0.14844914645267737 0.7059036928304329 0.025034367468001854 0.9996706242843679 -0.005650078617074762 0.042586435863993896 0.1485448696084476 0.001869273633503435 0.9889039020699091 -0.7070264294414742
0.9996842883770622 0.004118246589605315 -0.02478635949616287 0.6949019384714096 -0.003960919992463369 0.9999717195596908 0.006393058239096555 -0.13276309613767973 0.024811986717293177 -0.006292863089435621 0.9996723289104679 -0.7067427086377436
0.9905456478360848 0.026484308134257166 -0.13460275248166637 0.7007234212453666 -0.023071937586739658 0.9993732216605005 0.026848641006680232 -0.11532046971311934 0.13522945407338105 -0.023489258195220124 0.9905358395840372 -0.7040510465749866
0.9936950373148267 -0.02845444905526534 -0.10844591806447346 0.7269293596596283 0.054347098527190385 0.9682696543884851 0.24392677030633503 -0.45353807710977423 0.0980640897452329 -0.24828254211556025 0.9637111670947236 -0.5156325422977212
0.9635675334906344 0.18982668357246812 -0.18842356170780156 0.6890356840775156 -0.07437437347244796 0.8668585909508995 0.49297528930485096 -0.720458612086073 0.256916447455893 -0.46100109923784227 0.8493950350267796 0.07854434632002136
0.9976194410801099 0.060053140913056635 -0.03389795046143246 0.6913345873766442 -0.0575287307272806 0.9958097249670926 0.07108752915857641 -0.27012367968050977 0.03802493813166807 -0.06896819504264254 0.9968939222167237 -0.6701415417451947
0.992569823088721 0.02353514951344056 -0.11937857023354326 0.7008734017996978 -0.02335244684666652 0.9997230028339166 0.0029293055508485127 -0.08925007941398103 0.11941444435200749 -0.00011975857636865872 0.9928444873886269 -0.7076799403503801
0.9953310655815055 0.09394141971759548 -0.022160314750228338 -0.6950138195566046 -0.09001010278028287 0.9862955826172625 0.1382722137927816 0.4770199478511798 0.03484610861874715 -0.1356319776863725 0.990146310068877 0.5379663186272886
0.9986546008081281 0.03596203425180819 -0.037359341231217646 0.7070769716918032 -0.030180859787040493 0.9889435100445427 0.14518901350754684 -0.37202634943118756 0.04216757032689661 -0.14386613928666964 0.9886983513587319 -0.6013639093195177
0.983263134745873 0.13032441687363439 0.1273151766925949 -0.6779933214419898 -0.1027885237833896 0.9737785783342434 -0.20295270324824904 0.6934352832423718 -0.1504264844638439 0.18646937213356904 0.9708764319046793 0.24386997362248258
0.9864158692136471 0.07618447122839761 -0.14553233079674877 -0.6550755917785428 -0.055319511738184 0.9882636001038416 0.14238963561594914 0.6620608846817051 0.15467218426250362 -0.13240461870132506 0.9790533858590261 -0.36407602781626563
0.9652441459492385 0.19334127887298203 -0.17584905059307449 -0.6032288892503416 -0.1667313224855096 0.9736878276079953 0.15534696801114622 0.6062406210917035 0.20125706152321432 -0.1206282067005178 0.9720825226981804 -0.5182540077145035
0.9932169213785028 0.11598171044702146 -0.008269820384516458 -0.5947558495743721 -0.11615366194899293 0.9929218402680708 -0.024790037000916143 0.4157264328958255 0.005336094381469425 0.02558245415223112 0.99965847374806 -0.6880675928924276
0.9905570547051425 0.05426709504640942 -0.12590394659857568 -0.6707430791306604 -0.05024204513776853 0.9981260698499232 0.03492972353627477 0.6290524945368209 0.12756354602411885 -0.02827421229972843 0.9914273098137768 -0.3929334306410231
0.9859548827473169 0.12539388474324858 -0.11031474450734619 -0.649116350123601 -0.11410277490478532 0.9880804730998503 0.10333216071390239 0.657334182518201 0.12195706599353767 -0.0892936299395019 0.9885105572053722 -0.38283121149580146
0.9924139542361274 0.05279012484020851 -0.11103038393506734 -0.687827946759659 -0.027451297695967103 0.9754672035342677 0.21842655764316454 0.7109904803199859 0.11983726337087579 -0.21372163565813945 0.9695164221194962 -0.14623697395237528
0.9676219643501061 0.20656559716652773 -0.1450461587718831 -0.6396107926761672 -0.13933058398139464 0.9163079367780188 0.37545539464098054 0.718905010122577 0.21046311428524955 -0.34308952048240504 0.9154205910184169 -0.2721646933619834
0.9935729125629146 0.04824174635406525 -0.10239922524099837 0.7051671969151312 -0.019244447101046225 0.963457001611058 0.26717083916925755 -0.7088644137981059 0.11154603837439356 -0.26348309235193895 0.9581931649556044 0.01582615700427983
0.9856215747221873 0.16867113705147974 0.010007945239505711 -0.7183423743279884 -0.16728985508388206 0.9657942502871975 0.1981301857320169 0.685344321146323 0.023753227742136326 -0.19695561336999423 0.9801246198998775 0.11952989047645815
0.9797474739678568 0.04556324495261754 0.194984301837331 0.5648143192655131 -0.009330081715729077 0.9830974046430941 -0.18284540617469816 -0.4683705324950677 -0.20001959111242423 0.1773231053568605 0.9636123076620692 0.6794216872038469
0.9515526560353518 -0.07421531489315333 0.2983950901529339 0.7317677313643995 0.17864381358160675 0.9232862378486502 -0.34004251332488655 -0.42730045534553884 -0.2502677179763453 0.37687479357817977 0.8918135787844435 0.5309710992090766
0.9301548818178218 0.03824405525793825 0.3651702179366517 0.7412312659189202 0.1721912029080066 0.8329727098850068 -0.5258390002918404 -0.6053306588233599 -0.32428704178793133 0.5519908122643494 0.7682083426416146 0.29008792445172904
0.9984224672567465 0.03243325633163041 0.04583296587258802 0.7098790026589191 -0.02318481518033566 0.9815953817802701 -0.18955993989421915 -0.7014661189107775 -0.05113747375462279 0.18819827403930417 0.9807988419786303 0.06338048283367302
0.9858216607307027 0.1374096416322701 -0.09630287441531038 -0.4493135257998366 -0.13186518967715607 0.9893407187160459 0.06177794138546666 0.5658562202529276 0.10376523977502056 -0.0482030359719145 0.9934330588104682 -0.6913205432607871
0.9604013784041926 0.02185672168872506 0.2777615453520308 0.6627927907805145 0.015032554988561625 0.9914014143702224 -0.12998945293845338 -0.2656108472371737 -0.27821433221500746 0.1290175154843098 0.9518147225423724 0.7001118441501529
0.9682067865511815 0.011347951704227241 0.2498936623213019 0.6924934456465972 -0.0029295713303406565 0.9994163795979262 -0.034034068272744605 -0.12527688653296368 -0.2501340362446796 0.032219934566847255 0.967674965951095 0.7104636017679654
0.9915433683908641 -0.009313727370748315 0.12944111820655324 0.6867001512456631 0.026601233366331634 0.9908290627717061 -0.13247695177023033 -0.30599090464528295 -0.12702016762502533 0.1347999363850195 0.9826977430355203 0.6594031153653619
0.9983801766206657 0.009104677547121853 -0.05616162192860236 -0.6636137885435653 -0.01262785007941225 0.9979524987791132 -0.06270045919206307 0.42533464911402485 0.05547576347613653 0.06330809606429982 0.9964509644932122 -0.6153918880826312
0.9974970308234935 0.01596570099021455 -0.0688822901056958 -0.7002515236883422 -0.023208283829882492 0.9941313140534818 -0.10566127947346027 0.6128345554132132 0.06679108518347165 0.10699545228741292 0.9920135705371302 -0.3661715598782139
0.9976095379707199 0.018493823102051637 -0.06658219174011115 0.7049621031101827 -0.020487268688973232 0.999358269489433 -0.029382325039924172 -0.030726211091381805 0.06599607239459604 0.030676174959664588 0.9973482294155496 -0.7085790944774167
0.9508123886909174 0.16158753302250994 0.2642825584172579 -0.6525210434301906 -0.1209887920147607 0.9791180794895327 -0.16336920953330974 0.5802092259808775 -0.28516225858041067 0.12335824086143915 0.9505078803949444 0.4874151638669507
0.9939277726234702 -0.06479993562757275 -0.08893003514229582 0.2885489157610989 0.09058779485999022 0.9406616484205642 0.32703136640559527 -0.6878100782870661 0.062461461959770925 -0.33310153336988507 0.9408198202825444 0.6660756859545576
0.9971993000093329 0.018497656583291708 -0.07246649406327843 0.7017105970256088 -0.016997149238559474 0.9996293050166647 0.021268508872546193 -0.11968465246519651 0.07283304867063212 -0.019977218345556602 0.9971440506609439 -0.7023373989659448
0.987992286604586 0.07384925393438008 0.1357111981495162 -0.6721608248639072 -0.07578339806152923 0.9970824652549252 0.009134224620000908 0.4635181815663964 -0.13464070034016307 -0.019309199219446432 0.9907063321880074 0.5773653270466221
0.9974691503447288 -0.06231941625669271 -0.0342284160894038 0.6758006040203223 0.06474452754643131 0.9950775114778458 0.07502594420496558 -0.3698946196068116 0.029384354057111817 -0.07705216744830931 0.9965939610634633 -0.637551185389612
0.9989581063501766 0.03606604494340651 -0.027963228701450904 0.6072374472520775 -0.03635113213097663 0.9992914715674096 -0.009754488476431455 -0.3651594597270474 0.027591610139058254 0.010760820358165613 0.9995613576940404 -0.705635353158153
0.994147189903398 0.027274896953017227 0.10453441922821144 0.12601638852968855 0.05192457600221638 0.7278828420093243 -0.6837327012184063 -0.6944751261882023 -0.09473754912476487 0.6851588489574011 0.7222064445026792 -0.7083954890651231
0.9648655854797493 0.05451896606847928 -0.2570254545675296 -0.5931041091507181 0.07619309119442752 0.8781419825681018 0.4722936282712279 0.6981018948055545 0.2514538025384755 -0.4752834320594267 0.8431350095914372 -0.4011000625497674
0.6569938641462093 -0.6171158554550276 -0.43304397400292016 -0.6116046710531943 -0.5628133125752186 -0.7836624109176492 0.26289617894303163 0.3331430703665709 -0.5015976850647754 0.07100173702626467 -0.8621824143862549 0.7176039443959658
0.9614189048156637 -0.008462615925240363 0.27495831246709246 -0.671016276145286 0.030388829869406775 0.9966764152102627 -0.0755820242040943 0.28054987634847683 -0.27340484356027356 0.08102164831279302 0.958480716562655 0.6863154697578713
0.9833423196482136 0.10760493973304114 0.14648910994992104 -0.645097750928649 -0.09462364348385374 0.9911699378942872 -0.09288982887526398 0.2376498520305391 -0.1551910064491881 0.07748116648375844 0.9848413173489445 0.7262034422781689
0.99825767692324 0.01671049408957853 0.056589485340461376 -0.6421395070844317 -0.018820497652013546 0.9991394742472789 0.03696078826271354 0.44674476981683525 -0.05592315559718236 -0.03796143290436699 0.9977131502991732 0.6229574336041477
0.9724087019055754 0.19844649618763893 -0.12263891963468691 -0.6618200181694244 -0.17123363917996393 0.9641983009739863 0.20248623956225875 0.6899885566644232 0.15843092271239143 -0.17589947285233087 0.9715755339543976 -0.2931041712810802
0.9941926766551268 0.03067413537543595 0.10315046826982321 -0.736413606533934 -0.04900411266748356 0.9824136591947146 0.18017213760546777 0.3894257515427415 -0.09580980444081327 -0.184180616913454 0.9782116242032662 0.5532111569256856
0.996033768226924 0.07983396111115248 0.0392844906416944 -0.5987142591137373 -0.06825259545821155 0.9687945612464128 -0.23828277594611727 0.6988618263751687 -0.057081658743349 0.23465642278163365 0.9704009725275604 0.39132260804795355
0.9881252808913787 0.1258495883113499 0.08814936406575746 -0.5565311716584922 -0.11995248481403917 0.9903584698076728 -0.06929287602014228 0.44415513223382475 -0.09601994923072754 0.05789630732670975 0.9936942119926329 0.7021390699019531
0.9611107964556995 0.26952979558285856 0.06016416067189018 -0.5256912000325862 -0.24498333897462726 0.9326787266078278 -0.26475187734564587 0.6810860026437511 -0.12747235214403718 0.23971667073080993 0.9624379030423744 0.5096769753589581
0.959340783845317 0.22201205560122728 0.17428685440609193 -0.5771202247121356 -0.19464110742700902 0.9675513136399607 -0.16111888397445503 0.5586091761115968 -0.2044018095581348 0.12064453009276471 0.9714241080022958 0.5957247976978438
0.9913768820946445 0.12780918810446532 0.028925578375880112 -0.5934341502783367 -0.1278654794237413 0.9917915152495899 9.721450204164261e-05 0.45107821220173017 -0.028675718300307018 -0.0037949591565694107 0.999581563187798 0.6666065974473395
0.9855142663687368 0.08924885647099362 -0.14420912731970487 0.6099093823293227 -0.07841039084983911 0.9937717964059543 0.0791797150465865 -0.35390652921029153 0.15037766253824492 -0.06672524474817004 0.9863743205917471 -0.7090562135183563
0.9547347174199123 0.031863293600190926 -0.2957471045911827 0.6414325794413488 0.014120566241860893 0.9882705755207536 0.15205880168174127 -0.3211855032433537 0.2971232555054032 -0.14935193363604615 0.9430863009062556 -0.6967094936467647
0.9330354349071321 0.019918623588698198 -0.35923269010766595 0.6823896328043816 0.00618664841500309 0.997430451392834 0.07137380482835419 -0.16572907717602944 0.3597312922016205 -0.06881673538187214 0.9305147254838761 -0.7119538341911525
0.9559615745333537 -0.04040943689533044 -0.29069665533939854 0.6506655823149289 0.08667059029938998 0.9851717713151958 0.14807021908822093 -0.31490899584520915 0.2804027046817952 -0.1667442904973985 0.9452886674416725 -0.6909895978424975
0.9961394007155217 0.06395785162544992 -0.06013058753727313 0.6871290572512948 -0.06238133789374942 0.9976667661279516 0.027741529272578516 -0.18955419419081493 0.06176457742676378 -0.023883403845605417 0.9978049508776956 -0.7013721310015232
0.9925112360718946 -0.006469406124679333 0.12198193741465824 -0.6929051634779085 0.006526475155413658 0.9999787000016033 -6.83018939487412e-05 0.19806243604873636 -0.12197889732689615 0.000863902481135187 0.992532318002501 0.6932919340740185
0.9469764975872234 0.2918793808858029 -0.13432028897807768 -0.7032364414420702 -0.30374880840368634 0.9495458907090069 -0.07809777737541948 0.5309365473984382 0.10474814752908557 0.11475638740985102 0.9878556560236248 -0.4728264904428682
0.9632835792495105 0.2610148790873273 -0.06289657258770048 -0.7412374328426733 -0.26830295806002896 0.9271902969823322 -0.2614032820720752 0.6199375616074696 -0.009913054246312447 0.2686808256590753 0.9631782520793685 -0.25738004557655264
0.9472354766458553 0.2920752989025409 0.13204912553474277 -0.6171100559808054 -0.26897197773424175 0.9483489718872717 -0.16819126824566372 0.6549877027524688 -0.17435316738513632 0.12379922169119523 0.9768698612053831 0.43608059811279243
0.9373529171483579 0.2992352478753092 0.17840340563583923 -0.6235864073118386 -0.2767893030685206 0.9506440512468026 -0.1402268502673743 0.6096027616019826 -0.21155895258841256 0.08206189284965482 0.9739140903188663 0.48941236770554775
0.8726112943441143 -0.05699031261529078 -0.4850789969181315 0.7293118409445103 0.2766590335520165 0.8761471954435323 0.3947478575882296 -0.46692954498194844 0.40250379891021326 -0.4786629254333831 0.78030282306192 -0.5000810321148765
0.9230462673853991 -0.000537479492658588 -0.384688574540078 0.6887502839648675 0.14333800983110898 0.9284686449248141 0.34263711172191536 -0.4806938185311913 0.3569871191003102 -0.37141040172196893 0.8570965583230319 -0.5427305953824757
0.8929131586091796 -0.02158444195054804 -0.449711244075864 0.7298880038532083 0.26554019957655695 0.8318758428978772 0.4873099469657771 -0.597394808525406 0.36358560696405495 -0.5545418774706101 0.7485244234759145 -0.3322392881314195
0.955330181888461 0.06068076858493021 -0.2892439937092924 0.7121563172081471 0.05309437366676639 0.9275329304472293 0.3699508756860954 -0.589878036318905 0.2907322325747403 -0.3687824660418626 0.8828783957500544 -0.3806274847263155
0.9235762954239413 0.043320561150195835 -0.38095951951962215 0.7250903466748827 0.16669688089443374 0.8494066216504752 0.5007200225639006 -0.6569597851816602 0.34528101081735735 -0.5259579071351227 0.7772704185101769 -0.20651351000107804
0.9872227601993135 0.07351888116343808 -0.14137254279712508 0.7619705417500499 -0.007628854275364305 0.9079928735325442 0.41891615174943814 -0.5611826938673818 0.15916350815087568 -0.4124850490946175 0.8969520956809884 -0.32322573785032055
0.9787866309362574 0.11444882020440628 -0.16993586629746682 0.7403481551033223 -0.04039027222594077 0.9209420540442455 0.38760077270599 -0.5998490487800857 0.200861536910294 -0.37251469856448016 0.9060283893694772 -0.3034233476724122
0.986252941967708 0.13726772506525586 -0.09199296774998819 -0.7009571074222524 -0.12997772621915765 0.9881980385788613 0.08105817192479249 0.6955481753701805 0.10203394115165124 -0.06798682375505494 0.9924549695823788 -0.1577081776365498
0.9656554137731124 0.10843581748677267 -0.2361171220743101 -0.6157342555264675 -0.0646641215568019 0.9804553670133571 0.18581126090199873 0.5603271348330503 0.25165089555566167 -0.16416134374656802 0.9537939400024278 -0.5539899173640722
0.7251671396159021 0.5757894605301306 -0.3776229823033979 -0.44831644823861866 0.10003776362498956 0.45449740025532104 0.8851127380227137 0.7137496806141812 0.6812672496680008 -0.6796312311125614 0.27198588975574134 -0.53812057725185
0.9974326312261642 0.042822225602154096 -0.05739689155109717 -0.7285864139257434 -0.05235587097313321 0.9829049566635122 -0.17651263110877788 0.6156317838903322 0.04885702549168164 0.17906452233979006 0.9826234720885347 -0.3002654560665151
