0.9976918851731313 0.03599055197438503 0.05758109436492587 -0.656878815573305 -0.03831876334406881 0.9984705114589152 0.03985360865409565 0.41600909701152056 -0.05605867136727943 -0.041968058277119163 0.9975450403109546 0.6288454920365345
0.992774339042698 0.0865693466200002 0.08309548702619507 -0.6784928554403767 -0.08484642569265324 0.9961036794785928 -0.024052936959749388 0.2054654568660741 -0.08485396741175616 0.01682878352688799 0.9962512716476148 0.7052881617829547
0.9969172924175935 0.06644557347685391 -0.04172406792375788 0.6873207565649491 -0.06744790708907526 0.9974555395180891 -0.023091697944949835 -0.14340996219618427 0.040083561569275006 0.025834714049304146 0.9988622906296509 -0.7120560092702506
0.9601666205834394 0.0033839504281496513 -0.27940760475849014 -0.7159578046330263 -0.02636825721410191 0.9965619198013187 -0.07854333207472586 0.14926634394648802 0.2781811922630064 0.08278217731740048 0.9569547196130663 -0.6819999857404001
0.9811260825566575 0.04501854145262113 -0.18805568604141126 -0.7064348992962286 -0.06240681745449833 0.9941999986205784 -0.08758853736672945 0.3237520929983849 0.18302185460274417 0.09767135541355332 0.9782450138229439 -0.6293920203938819
0.9980459115316493 0.04476284190825092 0.043596404200994865 0.6558739199362845 -0.0371329212662061 0.9860360337458242 -0.16233941700351853 -0.4507114042338409 -0.050254399142734885 0.1604033295761079 0.9857714071871335 0.6055482071982143
0.9940704279477954 0.09625636511178962 -0.05058355913884732 -0.6105858286219648 -0.09917167094904855 0.993338347361102 -0.05868481356439642 0.4786820113273546 0.04459780219765319 0.06335329381634519 0.9969941806258242 -0.6309108319862854
0.9620664854582415 0.2001714708094781 -0.185363048723301 -0.6779882481579688 -0.19800002734047817 0.9797321280841145 0.030347098262310468 0.6179904495114888 0.18768075748780527 0.007505962546051015 0.9822014018494685 -0.3980197729664654
0.9512318903146942 0.279395296002218 -0.13075228265757471 -0.7154844727872266 -0.29228847402516017 0.9518479126097148 -0.09248242650672721 0.6689159555313375 0.09861713238771752 0.12618961856017286 0.9870921139221311 -0.20157731428903902
0.6317583387422554 0.5795968453963918 -0.514731870235541 -0.45032721629911543 -0.19741696801550424 0.762434804123072 0.6162140133114289 0.5874003303678801 0.7496051908632912 -0.28768153619647513 0.5960967971415753 -0.672433082279564
0.9408538749954929 0.31447426973211573 -0.12609488325232746 -0.719372277685734 -0.32775801941185256 0.9390673937414429 -0.10357176605076318 0.6733295432707606 0.08584093788621558 0.13877450662173918 0.986596660086941 -0.17067762670024514
0.9044297097750169 0.3707608032635621 0.21105290057148784 -0.6831527865963078 -0.368823488325414 0.9281547340051131 -0.04998023812838975 0.5776388327270444 -0.21442046202672257 -0.0326376547450276 0.9761960094965513 0.4468060531051894
0.9712021003192022 0.22672584558205955 0.07322479962874862 -0.7163140423860261 -0.2344274493075419 0.9642244887499675 0.1237534092703037 0.5879020135769327 -0.04254704862537656 -0.13735547400800469 0.9896076103250754 0.3758529168608091
0.9901666090158039 0.08114054307199786 0.11395744232003897 -0.6850729383614363 -0.05996540590956323 0.9821506439292176 -0.17828141440858133 0.6932108357132738 -0.12638922613990913 0.16969479927034958 0.9773583982431167 0.22390579799221866
0.9965827511331493 0.04247214043658554 0.0708444594207473 -0.6880238029957555 -0.04567337311576952 0.9979782973036644 0.044195713582954654 0.3241556285272873 -0.06882414643212559 -0.04728039125910244 0.9965078030152477 0.6492660279156284
0.9982371603942428 0.017941611760466436 0.05657446575510294 -0.6720207547136441 -0.020169491723978805 0.9990333775984279 0.0390576759148982 0.43970864238425517 -0.05581902195161581 -0.04012990171572231 0.9976341151828421 0.5958560355041304
0.9814422477783147 -0.1913762200542391 0.012093662538725944 0.5985252679506626 0.18433707983960462 0.9589581622812609 0.2154508853320268 -0.7194843397269158 -0.05282949244556906 -0.2092232907491379 0.9764397878702227 0.3522921919547912
0.901623150211759 0.02759116102362226 0.4316415443809738 0.7041128365871311 -0.10338997117704124 0.9827806679342458 0.15314265439363384 0.1972024553313651 -0.41998358165794325 -0.18270436931854145 0.8889504511330648 0.6821556310436093
0.9617883724481806 0.01642689317276591 0.2733007204603937 0.70824655432451 -0.029121985336655144 0.9986736912349823 0.04245902030365816 0.06066501869021652 -0.27224076952861276 -0.0487956516073447 0.9609911278418148 0.7033538041375583
0.8854172799682083 0.004405075188204282 0.46477611346355363 0.7056955322799099 0.002621403378887145 0.999891857727994 -0.01447069775741865 -0.028233569067217273 -0.4647895960303167 0.01403097152187505 0.8853099814528963 0.7079524569474291
0.9466700929896157 0.007945699162710606 0.3221065055286028 0.7065841266079305 -0.02885669126064193 0.9977693283551071 0.06019683349882883 0.09225071440356968 -0.32090968575055484 -0.0662814699491 0.9447876694437045 0.7015901066276086
0.9037780257426508 0.013306656618590519 0.4277945921518309 0.7046184401052303 -0.07375510291739168 0.9894061501010913 0.1250426124798325 0.16318687912884963 -0.4215987013480491 -0.14456279961238827 0.8951849708243919 0.6905670831598173
0.9221541931080435 0.08626320203044224 0.3770812964185682 0.6717977894715192 -0.053596534587829855 0.9939081768945109 -0.09630133634796817 -0.18235882307636506 -0.3830914454975841 0.06859443036926542 0.9211600015789263 0.7179366195614927
0.9701795572573989 0.2051983140917455 -0.1290165825533397 -0.5660782333335481 -0.19872374821643932 0.9781341369226377 0.06133907467035843 0.44409061821911866 0.13878219833482486 -0.03387125743919167 0.9897435220019586 -0.6945062681903816
0.9556015861834454 0.0023909580651376543 0.29465215390900185 0.7084426287222132 -0.019228073372614597 0.9983417732901018 0.054258500701297695 0.06739572633516981 -0.2940338240374065 -0.057515102568856905 0.9540629556263224 0.702543135957441
0.9752212718657904 -0.0017829081462142175 0.2212245287914797 0.7067687336990852 -0.00037362260651830573 0.9999528265973167 0.009705925313195063 -0.008476183925120577 -0.22123139765100713 -0.009548079313641388 0.9751746012252382 0.7073938870045875
0.9633056233100308 0.038394683040383126 0.2656466156635568 0.6893932979575886 -0.013694139702064498 0.9954574241183034 -0.09421776533951928 -0.16945642048689943 -0.2680573569911733 0.08712270130098645 0.9594555165722516 0.7042878689051277
0.9766899944646845 0.1774589288098776 -0.12076830419536899 -0.6258980370995189 -0.17422324025348354 0.9840134628799286 0.0369292218524605 0.3277541242146792 0.12539105736914158 -0.015027756209829157 0.9919935732025417 -0.7076926460090127
0.986982260114855 0.14011714750183624 -0.0789506377081367 -0.6484812587709179 -0.1408017909102918 0.9900328100153953 -0.0031449593756568694 0.29149605735518824 0.07772305896596748 0.014220410295370522 0.9968735657223557 -0.7032084367876045
0.9802305733412676 0.0435111156656541 0.19301504060715102 0.6911320137409137 -0.03185499713951727 0.9974994103778774 -0.0630887109792885 -0.1450621209161889 -0.1952774494003124 0.05569298976816489 0.9791654654073497 0.7080208476151859
0.9533345354428504 0.020997521328342858 0.30118493924834705 0.7052509056542908 -0.009145178911812577 0.9991292080133057 -0.04070861576343712 -0.0406371276177176 -0.30177744984447685 0.036054539142388306 0.9526964054580003 0.7077921897935747
0.9543869374511813 0.018088088897771144 0.2980241511397718 0.7041543212473904 -0.006536717032921056 0.999189820395149 -0.03971113381838124 -0.05283587417312039 -0.2985009965695035 0.0359516878426617 0.9537319493381131 0.7080784294617292
0.9644683350351599 -0.07311978283707411 0.25387856954135685 0.7101776520846216 0.0967208483104798 0.9919490748587128 -0.0817441764839879 -0.03380263566634717 -0.24585749575029803 0.10339502040622327 0.9637756800929298 0.7032105547427329
0.9659735991438276 -0.07504779555436863 0.24751330093461665 0.7091690429363396 0.0929219857428624 0.9937829972177418 -0.06132584289290493 -0.03013200770721291 -0.24137214073443441 0.08223857260040228 0.9669417287788982 0.7043943005535243
0.9788775672836141 -0.14539605477379497 0.14373133104903962 0.7034600773910631 0.15681350412876352 0.9850345156514727 -0.07152990911588604 0.022010072771400376 -0.1311801554800543 0.09255803709826785 0.9870282552068835 0.7103938880744661
0.9736942818114247 0.010371596984256118 0.22762222111149416 0.7010454418824528 -0.0029309106098467097 0.9994509731933672 -0.03300245363345404 -0.08337281734949518 -0.22783953855889644 0.031467160005748306 0.9731900957728874 0.7082261374328432
0.9799704700733295 -0.01163195581414593 0.19880285558360455 0.7013678659294252 0.0209833216795295 0.9987667489047491 -0.044996460900071075 -0.10387003741224597 -0.19803428489923453 0.04826674720939863 0.9790059974884082 0.7051908479054323
0.9404339706151925 0.22181496867483563 -0.2576471746104055 -0.5052236671205035 -0.09491680586699347 0.8990073448701814 0.4275237932951499 0.6455031857000838 0.3264578791773154 -0.3776028516063515 0.866511015268589 -0.5727780402846758
0.9791657123733536 0.13003041040915636 -0.15596986914532346 -0.5947808722330763 -0.11619051144147274 0.9886899416209242 0.09482596895672907 0.5229832028502047 0.16653610048080236 -0.07472811857955441 0.983199590892006 -0.6105114933907491
0.9809874659310458 0.16673199434895347 -0.09931784203558507 -0.6959400750853908 -0.15365708978556658 0.9798897284845685 0.12730129130951123 0.7030508652578241 0.1185457314491546 -0.10962008060049669 0.9868790946637411 -0.14624258186439848
0.9812455068668438 0.13500481250218394 -0.1375898101418892 -0.6772124629687936 -0.10223372866802749 0.9696055016498373 0.2222913311242702 0.7016903967907893 0.1634182363638252 -0.20405605056360843 0.9652230872975007 -0.22139075647218265
0.9963714672440783 0.0653447366540929 0.05453406874137553 -0.7056137529860655 -0.06085202037567167 0.9949089208384689 -0.08033225287661355 0.7067496387287803 -0.05950572138946503 0.0767222564034753 0.995275220476366 0.05112904999761015
0.9989019455282626 0.029514932605925193 -0.03638367728967971 -0.7059807460050284 -0.029186564004676507 0.9995286115408004 0.009523612388198346 0.7041501465437845 0.036647615221904906 -0.00845124041708778 0.9992925141488651 -0.07591941380536696
0.996187019556499 0.044708455525900914 0.0749171280257572 -0.6831691730735107 -0.040695364766071884 0.9976970045342097 -0.05426393304968591 0.6722189546063936 -0.07717065085701616 0.0510082458819453 0.995712232273136 0.2853095827867388
0.9951015829882477 0.03047802419795309 0.09404216913318014 -0.6700416899550038 -0.025643408089400355 0.9983075529185732 -0.0521962202394948 0.6427637295290389 -0.09547384540200074 0.04952897966562961 0.9941989866306626 0.37134744071309156
0.9937002997629598 0.05703065565381027 0.09647392687508859 -0.6896279096942609 -0.04466726204620525 0.9910520960013769 -0.12577988198664136 0.6949196259481849 -0.10278399657679747 0.12067828026191954 0.9873561681180334 0.20371563426197611
0.9971725595903875 0.056321623333607185 0.049746971214562175 -0.6678615012151196 -0.057091152144775115 0.9982681980277877 0.014184680226787288 0.6084173192261452 -0.04886191509486054 -0.016984685791068987 0.9986611205518325 0.42870663729449965
0.9974744552790613 0.07083500411137045 -0.00520703930099331 -0.6054594657735906 -0.07099571836226148 0.9965095013275163 -0.043913798949884786 0.5017748433203972 0.002078230008064841 0.044172570182485105 0.999021754019154 -0.6177708652210374
0.9900261423173731 0.11757738794778821 -0.07761311339945043 -0.6253738512601702 -0.11529142653537955 0.9927727041394707 0.0333203373788481 0.5940149709411329 0.08096989870079968 -0.024039878514219487 0.9964265952619911 -0.5060175495551786
0.9942028110198005 0.059141584984883366 0.08979445130854546 -0.6863639273400198 -0.04506096788564479 0.98743807446221 -0.15144490178138093 0.6999102538430775 -0.09762315162673174 0.1465207221789431 0.984378686400018 0.1975606130070031
0.9979301688719854 0.06410747432253061 0.005060611733424092 -0.7076300731093919 -0.06338350847071944 0.9938383424900142 -0.0909278826908623 0.7064910050880114 -0.010858586881938184 0.09041891800219179 0.9958446215942728 -0.011407863994984046
0.9960517204148117 0.040458032892971785 0.07901973065712614 0.7235607457626997 -0.016632927284521648 0.9594015091185459 -0.28155299684251983 -0.6384646385811105 -0.08720272924995728 0.27912701745887564 0.9562864592452784 0.26234090888158823
0.9604938059387937 0.220157869942553 0.17024147865772388 -0.6438989377306004 -0.18986830316181036 0.9656259319421754 -0.17752911596484644 0.650671290442356 -0.20347401850768346 0.13819215557752526 0.9692787276780461 0.4025183595607578
0.9990163376973944 0.035155227459466976 0.0270271529384552 -0.7000211062737447 -0.03455273047679308 0.9991507990925574 -0.022445255385098034 0.6982323114132036 -0.027793269514103186 0.021489314902465848 0.9993826812161292 0.14980684253350207
0.9866938869366735 0.10210466060389972 -0.1265298848682058 0.7137591680290992 -0.05891896674453123 0.9498679201384483 0.3070496533943894 -0.6969373951171571 0.15153787922349918 -0.29550900591152945 0.9432447713004426 -0.06947026228336715
0.9960892335142133 0.07418333784772743 0.047990324679426155 -0.6523589383023016 -0.07594476923156224 0.9964625407043095 0.03598328778026383 0.4057122642327358 -0.045151200465010255 -0.039487179677491185 0.9981994448694538 0.6401760494334668
0.9953842004435969 -0.014852999674862227 -0.09481393308960528 0.6606562640820605 0.02164594088758673 0.9972397418723645 0.07102359096406174 -0.2991883318320074 0.09349730878668466 -0.07274809709537272 0.992958190267168 -0.6884908444015182
0.9982432770590208 0.04674081558750404 -0.03640955869935783 0.7012962090003073 -0.04104270621208311 0.9887252318754205 0.14400663915141032 -0.6514016293059536 0.0427300371314564 -0.14225931256375018 0.988906685140531 -0.2895851249276218
0.9968573337159208 -0.07448704647797899 0.026965461682911085 -0.6579191113981993 0.07442847494488308 0.9972213138553834 0.003170695495006315 0.6264509669774562 -0.027126708870853444 -0.0011537328679334657 0.9996313373270698 0.41797323937067316
0.9989075717960881 -0.042178522042454925 -0.020115548383230847 0.7061810328421595 0.04395099321822232 0.9942331992309447 0.09781950593890495 -0.6864598450805635 0.01587366383591847 -0.09859674348229693 0.995000858779082 -0.1734394128966928
0.99910166295642 0.006107990775722272 0.041935182441479354 -0.6909543194848954 -0.004130554066597236 0.9988825663795382 -0.047080326104756945 0.6906860848971803 -0.042175888856305035 0.046864816565426196 0.9980104625541102 0.21338898873786857
0.9906502103945043 -0.0512724509446858 -0.1264250624656726 0.7053217168206781 0.07945478830803238 0.9701428910070746 0.2291499675831558 -0.7083936360215015 0.11090129512431399 -0.2370525401731869 0.965146100824735 0.02645245216171353
0.9929529344318292 -0.1067693516747818 -0.05142738128824545 0.7088628549992968 0.11281456780990218 0.984503061447341 0.13426315686247764 -0.6982447168505559 0.03629522410848116 -0.13911875338630658 0.9896103420857904 -0.0998387108917832
0.9923961753162094 -0.0775462481080832 -0.0955845731387582 0.706836529767298 0.09330770723470383 0.9804303671773885 0.17334926272417014 -0.6902528038834138 0.08027143320236485 -0.18094992268793678 0.9802110091663264 -0.1547035452651594
0.9989556157601489 0.045038351064289356 0.007695756926478892 0.6728104574349959 -0.044808786242317905 0.9986094495560784 -0.02777300726957399 -0.2586721602746933 -0.008935906039786778 0.027399164051396974 0.999584631430742 0.6931196158419807
0.8764636616903984 0.2927919431599826 -0.38220979547476314 -0.6656139903725499 -0.2361881458534884 0.9532276479832397 0.18860596724025502 0.5324075374120284 0.41955525201640564 -0.07503285374382779 0.9046233809517126 -0.5229724944269923
0.97681109685898 0.10545502481734925 -0.18633120724647403 -0.611794951759757 -0.05020451696246181 0.9588405941552239 0.2794713249630867 0.6601365283607875 0.20813358097558907 -0.2636360232229837 0.9419004510719 -0.4358058064379637
0.9813081482895474 0.1834132584237267 -0.05825714320948297 0.6723024876294744 -0.18256474765269143 0.9829981813440621 0.019613474673691456 -0.6841399954933247 0.06086403712413538 -0.008611161864558126 0.9981089203470203 -0.28277523175415104
0.9990714589861647 0.010647253153925642 -0.041747524950983605 0.7080079713051476 -0.011986888966930504 0.9994169120272431 -0.03197108767034304 0.019749516802492522 0.04138277820726005 0.0324418241504158 0.9986165398758637 -0.7059282322973328
0.998574983172752 0.0531305551549095 0.005014687474683588 -0.6359940646765251 -0.05325236228795743 0.998174273534358 0.028500974806285995 0.5288630533908015 -0.00349125941313011 -0.02872740439175686 0.9995811859697151 0.5619745727827818
0.9901357618517199 -0.034585462464161554 0.13577561963936913 -0.7385911999314342 0.010927394432947657 0.9851654395333314 0.17125901085783737 0.34140676448322194 -0.13968452009160237 -0.1680859974395196 0.9758254620123112 0.5813127046168372
0.9924355092179767 0.08987402129911742 -0.08363265115240975 0.7144814802301749 -0.059775967236806116 0.9487758606231413 0.3102437751828744 -0.6975797523077467 0.10723149623202667 -0.3028977163901097 0.9469711609238675 -0.05383960975305159
0.9617375457868761 0.22856280356943626 -0.1510626950915256 -0.663521044617548 -0.15815211781392452 0.9133879837603314 0.37511371442964664 0.7195891030372225 0.22371589271843498 -0.33687005795516384 0.914587209290879 -0.20477144854623505
0.9916485915682955 0.12396672318107477 0.03557137029076396 -0.6972473482569175 -0.12720616504140386 0.9856033632774841 0.11137594835317838 0.5859069257628142 -0.021252350836437506 -0.11497069991896788 0.9931415184877062 0.41298814715662846
0.9770247380636052 0.1494261634338443 -0.15196869050296186 -0.6490394743506802 -0.12348020509694285 0.978053516148389 0.16782120991993138 0.6623148129301609 0.17371039163204938 -0.1452003485919189 0.9740336537347285 -0.37428177795329404
0.892320428549437 0.32153906004563554 -0.3168231141478137 -0.5406217473671867 -0.1982476207341265 0.9097013542713845 0.3648853613260844 0.5970263017351571 0.40553931210994476 -0.26278523341652676 0.8754894559225793 -0.5926953022507354
0.9760768425322732 0.15855624116297556 -0.1487747151249041 -0.6005131524316257 -0.1460886636081436 0.9850444305082249 0.091354103848231 0.5643306666368472 0.16103446785522207 -0.06743432592526724 0.9846423268626989 -0.5664934707918905
0.9906800021265649 0.13377960846064207 0.025615420094676957 0.7051998045392055 -0.1343282535953806 0.9907134046553094 0.02104447961580836 -0.7080270141284466 -0.022562217810412934 -0.024289219756971094 0.99945033900193 0.03729588371687647
0.9984635253109402 0.018396417887071193 -0.052270072054417624 -0.6870666025489284 -0.013250193199916604 0.9951817204578495 0.09714821484062262 0.7007877408865676 0.05380539939276223 -0.09630636051413809 0.9938964050245409 -0.19192713691652408
0.9870765708190956 0.0783306101771809 -0.13980042506832874 -0.6323984228992081 -0.052911200824594884 0.9827755509584011 0.17706671416647105 0.6558876010317545 0.1512621835334738 -0.16738139665949112 0.9742192873706633 -0.4121694912622771
0.9920489985987029 0.10907292876176466 -0.06278439766886236 -0.6909905440555386 -0.1029098298712573 0.990219715521931 0.0942044686176558 0.6983080920947451 0.0724455056934502 -0.08699431707299639 0.9935711537186569 -0.18680973352806846
0.9683548117859528 0.16826168471059028 -0.18432841329904995 -0.6559657559879313 -0.15484261075804734 0.9842734139194111 0.08502712828891137 0.58594846525456 0.1957363644921998 -0.05379453605879564 0.9791799750329842 -0.4757870563991914
0.9407205683599446 0.2683548368946643 -0.20743792753443388 -0.6765733200243573 -0.23589931213814497 0.9570835820163772 0.16835240291558162 0.666479610945875 0.24371361635594568 -0.10943810373877316 0.9636529326748136 -0.31313490834567426
0.9854262179933364 0.13771737328834444 -0.09984535034696644 0.7094189419464093 -0.1144962439010051 0.9710992577516528 0.20942025147237076 -0.703900120987761 0.1258005525580522 -0.19493628879392422 0.9727147908237752 -0.035346633235043036
0.9736923779447139 0.18070050560779155 -0.13881815589272545 0.7125386732475666 -0.1363376959079466 0.9501249716378162 0.2804898767241901 -0.6983630721949419 0.18257925897231803 -0.25418470753239203 0.9497657335626465 -0.06765839579120812
0.9223265102106625 0.28040775539400353 -0.26586707069044246 -0.5678698418335076 -0.08244718114697625 0.8150047068158418 0.5735588811873988 0.7101834792719084 0.377513272460105 -0.5070885707476749 0.7748192760467063 -0.41612890851902334
0.989043138624444 0.13704375515956407 -0.05488787763864339 0.719742624090881 -0.12105971829586509 0.9656961593825795 0.22972912823553943 -0.5574835201513354 0.0844879550352301 -0.22056730701874291 0.971705638827142 -0.413742286727437
0.9832323740409159 0.10992515439307154 0.1455010620907079 -0.6455180501508505 -0.10509662906961093 0.9936373885843073 -0.04048998105164889 0.40426435740991906 -0.14902616279052927 0.024519389042502837 0.9885292116902328 0.6479789936852809
0.9995628115814255 -0.00048599445279634557 -0.029562637108817374 0.7056012834362766 0.004269688543478811 0.9917570473436519 0.12806142590156988 -0.6590860992087727 0.029256716548127004 -0.1281316621822779 0.9913255376934609 -0.2602543806410245
0.9947081541766756 0.08173771396661095 0.062246559181562355 -0.5612358739165909 -0.07595143311666086 0.9930190195628352 -0.09024747416959183 0.554603388703995 -0.06918863939951841 0.0850421830739213 0.9939722125271233 0.6143528099285668
0.9717628251605271 0.15170194963673742 0.18073054559881024 -0.5006171697500428 -0.1163936746811354 0.9744482676489873 -0.19210175993496187 0.45479921807670237 -0.20525477858079916 0.1656414566233359 0.9645897489178736 0.7365732282592662
0.7938285171790616 0.5277321048375141 0.30221699296541776 -0.35195397180047816 -0.2270239621449206 0.718185192160273 -0.6577766721112367 0.6412086917876916 -0.5641776368532467 0.45355138108650805 0.6899237195438398 0.6818942845557405
0.945221207731018 0.26455455389666416 0.1912269763083991 -0.5644366006233249 -0.20827873145128173 0.9398514044066566 -0.27073844880230835 0.6212873308236003 -0.25135003178945686 0.21607921151136264 0.9434685664462104 0.5435194351951654
0.9887703042048155 0.04921420182999253 0.14110722115098676 -0.4365304801735289 -0.0031531765758271435 0.950879614850362 -0.30954485222582695 0.6069196590653487 -0.14940998293353225 0.30562382171595237 0.9403567071061585 0.6641458178137308
0.9859008647885754 0.10133395488249464 0.13315747968856761 -0.5854175132211731 -0.08581921194633998 0.9893575347990926 -0.11750204762969699 0.44959993061798287 -0.14364730303785006 0.10441790040091295 0.98410484929494 0.6746452679758769
0.995673632341272 0.015325631401091958 0.0916468378204931 -0.7064700913914456 -0.01557387160238416 0.999876731487695 0.0019940794357903927 0.048699046904079175 -0.09160498012472007 -0.0034127483999909954 0.995789576549538 0.7060654451253061
0.9953721035542236 0.08985328783277449 -0.034069959373041914 0.6909685040177842 -0.09111935757823388 0.9951287296670355 -0.03763075956982974 -0.11922497836838292 0.030522747919708992 0.04056104112215277 0.9987107508195336 -0.7129852249440264
0.9937245589163907 -0.0352318608174413 -0.1061612782033311 0.7090419516376822 0.04004549451522075 0.9982480431172253 0.043556891322283756 -0.04881872131034323 0.10444069788859128 -0.04753483350102593 0.9933944736249409 -0.7034744083955361
0.9978696829032001 0.047235812294073705 -0.0449985997513897 0.6981960068652152 -0.0469353683529513 0.9988681680658935 0.0077106434399805 -0.1212665519299296 0.04531188740539849 -0.0055821914697345085 0.9989572923794869 -0.7055613080239689
0.9921544726775361 0.06263210422637601 -0.10819760563957043 0.6970566167911553 -0.06438514920411331 0.997843259701038 -0.012782082427000574 -0.09209347962535426 0.1071636827844385 0.01964811923271336 0.9940472305191002 -0.711077255998364
0.9907767943492314 0.008047626563421784 -0.13526484940943256 0.7052412357810689 -0.007210281983924392 0.9999516990519154 0.006679176363902646 -0.05228944464070435 0.1353120675060916 -0.005642275239965532 0.9907869645475477 -0.7070365007078188
0.9966424637680371 0.08058323073108309 -0.01449628708731543 -0.7198171615753044 -0.07612584783620224 0.9771838757981601 0.19828395843160224 0.601306176532081 0.030143899973232136 -0.19651467071195247 0.9800374122906619 0.3468344503737223
0.9911407132273475 0.1275047569874192 -0.03718364598535362 0.7184392572517968 -0.11700445483094102 0.9707109482483879 0.2098337734980481 -0.5964258838232045 0.06284937655139661 -0.20362414369689824 0.9770297661641664 -0.35794021671949067
0.9928432535523606 0.028916367895865033 -0.11587112471739269 0.7064614373277387 -0.032831137166545385 0.99894785457468 -0.03202031032010212 -0.01204968579277913 0.11482330037023841 0.03559532986720519 0.9927479953058231 -0.707648954384249
0.9979581099329164 0.06387179932363433 6.379876411960472e-05 -0.6892196421886905 -0.06382427833869328 0.9971760920868209 0.03957654437923071 0.22844487101063307 0.0024642064982286493 -0.0394998053364521 0.9992165396272805 0.6875967028209403
0.9871596862999551 0.158482627864859 0.019975244910200363 -0.6832513345304494 -0.1597077896781102 0.9816060360634412 0.10460885182407392 0.5042981285456605 -0.0030291352406932037 -0.10645584356373866 0.9943128168292041 0.528063453959564
0.9979254662417113 0.06219029537769272 0.01664725163798303 -0.6899961659927135 -0.06288565891381186 0.9969991977685021 0.04514414194487398 0.2442471670596221 -0.013789769005995212 -0.04609736228677894 0.9988417669786157 0.68135791791004
0.9978488897289998 0.06502697481845482 0.008311787567193696 0.629444277273967 -0.06457089986609499 0.9968197371431871 -0.04670129047757024 -0.3795325151720153 -0.01132219753779451 0.04606413124924555 0.9988743182478801 0.6780523370170309
0.993597812664583 0.1128488137908244 -0.005341525452491558 -0.5935300741912172 -0.11292544504595858 0.9934523704333715 -0.017327190813497595 0.413725038484266 0.003351198192877436 0.01781945303086005 0.9998356047692807 -0.6903286489504551
0.998557615298582 0.028615993417200558 -0.04542921802051708 -0.6364821209586056 -0.03018742978374611 0.9989559091910385 -0.034290094420360545 0.45524454099044476 0.044400540675315625 0.03561202624188342 0.9983788737622041 -0.6226097634943049
0.9910350029284458 0.10234346059573524 -0.08588037636098567 -0.6388863024983868 -0.09090584758914061 0.9876112588201527 0.12790671728167197 0.667756683876317 0.09790684268586813 -0.11895300553143989 0.9880609458076572 -0.38200170630305325
0.9980665330703047 -0.057922453766962145 -0.022542957096118976 -0.7107305841993913 0.06110452257486326 0.9807809789076519 0.18529681253018238 0.505106311301318 0.011376857471259771 -0.18631602390176136 0.9824239952034539 0.4896219469827392
0.9904837718381583 0.10874558915816229 -0.08435813276678933 -0.6896466460167916 -0.08990827270520169 0.9753252885025812 0.2016360188719373 0.7111187358792267 0.10420364784604304 -0.19213271050500835 0.9758209986106962 -0.13673934005735294
0.9712276791198475 0.15332895745420766 -0.1822279509775612 -0.6365731539503968 -0.09350545202036498 0.9492375923751194 0.30034101229161825 0.6931098630123081 0.21902859574480663 -0.2746601973855922 0.9362629172503661 -0.33819127348987577
0.9915828865963116 -0.12199079853869782 0.04337769105446776 -0.655926604418302 0.12376387534906302 0.9914706406719024 -0.04084693188269195 0.6387500950477911 -0.03802475730241561 0.045871709773438074 0.9982233738370154 0.40219224966763617
0.9969849861343824 0.07596680584696724 0.015810813768900034 -0.6883003502523577 -0.07311869036304086 0.9879690422767897 -0.13627482754447767 0.6089361900742902 -0.02597295790277715 0.13470789105354045 0.9905448952701174 -0.3942579666414996
0.998136721348474 0.05977581343076266 -0.012244901976313616 -0.6414446657619186 -0.06048283549439293 0.9957678823243408 -0.06919646769782303 0.5287559569929314 0.008056804967049913 0.069808141788679 0.9975278999776069 -0.555846992175068
0.9939440425462965 0.015024067574147426 0.10885548989488503 0.6579374234023654 0.0034132722847537433 0.9859103175399063 -0.16723993345092683 -0.4944370123495907 -0.10983437466949031 0.16659868895608995 0.9798884053702609 0.5680232281390148
0.992548817847887 -0.007363446385387495 0.12162493102194033 0.6702286410918529 0.029037881975873786 0.9837077142949053 -0.17741458296050108 -0.4257825705229154 -0.1183370001272529 0.1796243649787602 0.9765917478183295 0.6078673961474383
0.9868057015048088 0.03539539168027345 0.15799263820001858 0.6938738090335219 0.008829802763135497 0.9625945907342531 -0.27080193587254875 -0.5730179853329568 -0.16166799949515714 0.26862393813090446 0.9495812960469883 0.4361072409651905
0.9908331434505229 0.0849622303105192 -0.1050290496035155 -0.6208820011740369 -0.08661818925965925 0.9961775066404372 -0.011298873971313794 0.46911349203032254 0.10366759922624419 0.020292724910767723 0.9944049648842079 -0.6280430496496554
0.9960523178638978 0.0377746272795364 0.08032968076526115 0.6676505081361526 -0.02867986613575363 0.9933504488265036 -0.11150045333817724 -0.3214135827123752 -0.08400741250861093 0.10875644049929131 0.9905123882584872 0.6715177643469548
0.9973638361463537 0.028398045718022596 0.0667752150638743 0.6683932305258747 -0.020760417447237445 0.9934450057854829 -0.11241007760560465 -0.33994565675457933 -0.06952973043846783 0.11072746488238008 0.9914156772544378 0.6615795037944286
0.9922371843939166 0.08860735097441674 -0.08725885203993611 -0.6551005456771922 -0.09317776477283413 0.994404774015419 -0.04976996651879523 0.45677549767258196 0.0823606341523021 0.05751419623571291 0.994941628023168 -0.6018300588865682
0.9839947782844329 0.0980709184264294 -0.14878296699544175 -0.6988559640640117 -0.10795157803429012 0.9923537551339265 -0.059837124525675245 0.34751089497596593 0.1417770542396642 0.07494077415260142 0.9870578236661374 -0.6251691925912247
0.9709584850472807 0.15313721082910187 -0.18381679731235823 -0.6112554860532288 -0.13905462304589783 0.986431176764084 0.08727740439190138 0.5194177851521835 0.19468803795881418 -0.0591821608874451 0.9790781581204024 -0.5971364125871335
0.9880696620780286 0.1530400356607619 -0.017236309522718818 -0.7197011402354162 -0.14624739428012867 0.9674660137372197 0.20644905407796463 0.6665674923555056 0.0482705142637079 -0.2014652817444398 0.9783055237012366 0.19421134590629502
0.948966898445765 0.2471374615425 0.19592064913264062 -0.6704780191059757 -0.23343260440028907 0.9681454826505933 -0.09057341567009983 0.6049440646443838 -0.21206377544767993 0.040216905967266126 0.9764279572079534 0.42953684888174476
0.9933800926284826 0.011665009622415762 0.11428000314987952 -0.6872092364390071 -0.012767984661848003 0.9998786604695338 0.008924287384755716 0.2181258873196547 -0.11416203456973933 -0.010324334756285414 0.9934084950184078 0.6929390757014141
0.9958029019071372 0.08735227668563611 -0.02731593511414851 0.6832547962196809 -0.08780146986517295 0.99601427211492 -0.015699415049641646 -0.6875643907098956 0.025835681582638048 0.018031902318441734 0.9995035608020308 -0.2458009195884601
0.9792717571485265 0.12509390591344605 0.15930580766109886 -0.642976879790328 -0.11530089652983819 0.9909077830878577 -0.0693359118734504 0.33506797124993004 -0.1665308647388007 0.04953059780807448 0.9847914454188368 0.688701812613812
0.984105305508679 -0.059934777370847125 -0.16716629484192175 0.7265608229759023 0.11676652495633355 0.9276136580590342 0.35482175811519695 -0.6581612523890499 0.13379957518352328 -0.36870140200959944 0.9198678980358345 -0.19731481538459547
0.9953396334866917 -0.0806977521497432 0.05279097279418543 -0.6936675252376472 0.07654617209516357 0.994132363244712 0.07642988870239939 0.3458044000850038 -0.05864893475720945 -0.07203275051990007 0.9956764460929979 0.6318581180237607
0.9999780296728568 0.006279158475900035 -0.0021242270181956457 0.6846826297529347 -0.006329655586493288 0.99967573274143 -0.024665052767858353 -0.1688824435352234 0.001968662425778034 0.024677956493992764 0.9996935144490711 -0.7090052304321723
0.982153070115473 -0.1186234267510422 0.1459583142153626 0.27280797576423194 0.18749529313868152 0.6788214142359604 -0.7099626769243087 -0.6928565462636836 -0.014861423673064547 0.724658519718447 0.6889478702237772 -0.6674770517845406
0.964400060247742 -0.05585661691283311 0.2584812607157518 -0.6871705983105179 0.06600337102280418 0.9973458317080359 -0.03073836346054165 0.3884799621202272 -0.2560782669571501 0.046704714126727165 0.9655271051972405 0.6139054388492025
0.9566735503179589 0.141032334126861 0.2547265177651535 -0.6237043747387377 -0.10995706147605686 0.9850740379998157 -0.1324333201663684 0.4054285203129058 -0.26960185969978434 0.09868647521046975 0.9579017782930308 0.6682967663012053
0.8944149354660502 0.09201413066629086 0.4376703359527443 -0.6564579331161502 -0.019856774888948936 0.9858120271491444 -0.1666744000112341 0.34217275825091004 -0.44679708112998084 0.14038535139330607 0.8835521045235006 0.6722951625289566
0.9900606864329482 -0.027172072376496742 0.13799099848427226 -0.6943474663599858 0.02714985527337957 0.9996292858654131 0.002043575014173696 0.17121404164594203 -0.13799537143888024 0.001723172356567132 0.9904313747748881 0.6989759279851704
0.9874546792877342 0.1578472245126109 0.004184503127411476 -0.7277021915162846 -0.15245156003618765 0.9461279436894906 0.2856579003150945 0.6684441205306331 0.04113123138553773 -0.2827121643713992 0.9583225208253994 0.15372695986854443
0.9286886138671615 0.2545153308910393 0.26973951289144676 -0.6175389623301764 -0.21366952320036636 0.9616872035477363 -0.1717645405427512 0.516933980324278 -0.3031217467104895 0.10188065996036297 0.947490125435206 0.5928110069746243
0.9868255182178133 -0.1513263179766235 -0.05723409894269549 -0.5808830046252417 0.15617460543815537 0.9833659774520898 0.09274075159245149 0.6236597637561846 0.04224794918550298 -0.10045745307011428 0.994043968299333 -0.5230902732885898
0.9983870445461485 0.056692605519647554 0.0030426570297076294 0.5382983514847252 -0.05657457831831664 0.9979371207876657 -0.030345016759399657 -0.5889566947591253 -0.004756718460398712 0.03012393456069762 0.9995348529171311 -0.6027975584615735
0.9925151817403397 0.04479416253672874 -0.11360940549784465 0.593706638312457 -0.03609054197510039 0.9963355690817548 0.07754293367212128 -0.3954255348850264 0.1166665624542188 -0.07286231388837844 0.9904948240248141 -0.7008217134083478
0.9701895605434674 0.23717423587164793 0.04980560662389133 -0.5678400933518885 -0.22598261708327583 0.9596047389524183 -0.1676025111871993 0.6597610050882379 -0.08754469366367912 0.1513510053444035 0.9845957545066764 0.4922123977990364
0.9867049086524355 0.07003469870743442 -0.1466579838200026 0.6402058524738968 -0.055150541035626194 0.9931296963047359 0.10320767481704468 -0.35071748150829557 0.1528785173419307 -0.09374725219771501 0.9837883977973674 -0.6834718096766313
0.9690079317485577 0.03574323331475643 -0.2444300502814437 0.6519346743239345 -0.006999335532046264 0.9930521118790822 0.11746706940502197 -0.29589631962004737 0.24693043050724223 -0.11211567403668987 0.9625255519334575 -0.6981594004591332
0.9745516280606615 0.079407263024459 -0.2096273141154994 0.5840544502542141 -0.05365916764361306 0.9906054837125103 0.1257834224629701 -0.3820492264297336 0.21764608421037257 -0.11133401195352571 0.9696571145565961 -0.7161834874686025
0.9825056916330571 0.022873208111571494 -0.1848225696697589 0.6743156171577984 -0.011544545950647661 0.99800066641824 0.06214011013461235 -0.22516401350409962 0.1858743913707358 -0.05891931923769232 0.9808053958115879 -0.7032777655235682
0.9789467039473365 0.1843743192277921 0.08757546026104579 -0.6213743712921028 -0.18097140119848718 0.9824402022037924 -0.04539384365778723 0.35758701784759284 -0.09440711190848983 0.028589499874247776 0.9951230766684283 0.6971552304675118
0.9941535228328366 0.0898642302491543 -0.05985977915752394 -0.6808955528720255 -0.09272964773695833 0.9945841412911556 -0.04694250017536297 0.29781055375011106 0.05531713540703448 0.05221882815480733 0.9971024062334313 -0.6690964953981982
0.9742186226208536 0.21648350998089444 0.06350563160129508 -0.5971241219495437 -0.21548001776251105 0.976252928140341 -0.022328955248244964 0.4262416410851678 -0.06683140941051269 0.008069089401041507 0.9977316535584317 0.6795298715958039
0.9936711395357718 0.11093333447440118 0.01764827912494127 -0.5844107587728684 -0.1113253966457077 0.993516775393978 0.02304502272569231 0.5299640971562062 -0.014977400153465326 -0.024863875666164603 0.9995786438152331 0.6144933854452199
0.9592589496504027 0.18656244842341618 0.2121714409478016 -0.6275037320483529 -0.16910261283869396 0.980732157862811 -0.0978199410390401 0.34750677264520496 -0.22633288282247704 0.057955908861950095 0.9723242971258368 0.696762591727701
0.9559146099416433 0.28567118617766024 0.06796493130993839 -0.6471061428211248 -0.270943225370372 0.9472978965993819 -0.17092824144735957 0.6937191477979238 -0.11321230995795489 0.14497816554997334 0.9829365719046925 0.31623944077500626
0.9546457155078907 0.2644873402513258 0.13674064761148094 -0.6319822519720953 -0.24679500637390606 0.9598235205620089 -0.1335328955907666 0.6359611331802638 -0.16656465018524066 0.09372969765624022 0.981565566371365 0.4428903592045708
0.2453983569984351 -0.9679890707046368 0.05269540187570569 -0.7089397513207019 -0.9693822024303765 -0.24453084819140397 0.022423422888241937 0.6976730530063044 -0.008819976967153156 -0.05658465586328117 -0.9983588456697986 -0.10323148795887753
0.9937843127301589 0.05298931329998839 -0.09790236180726797 0.6904615485000823 -0.04382546608816279 0.994655060051865 0.09349139016709408 -0.2521522297258254 0.1023331241270432 -0.08861966028605728 0.9907948766102814 -0.6779986010952846
0.9399097172926797 -0.061280040535546865 -0.3358786685259378 0.719641168070281 0.12487266619385957 0.9773025878377537 0.1711328987753874 -0.20216894691316223 0.3177680609759765 -0.20279153936392852 0.9262284010901287 -0.6642622269273368
0.9671789114784464 0.01566268976667924 -0.2536131568760574 0.6980752060964571 0.013336332640663279 0.9935936648636707 0.11222197367038694 -0.20079819325855708 0.25374612395673085 -0.11192099576063563 0.9607739563939494 -0.6872925812326857
0.9830072816746376 -0.09613512923297902 -0.1563800534019557 0.7133689971862445 0.11100093286524161 0.9898029280549518 0.08926901207524292 -0.04709678579627104 0.1462035467342916 -0.10511042070699839 0.983654574726876 -0.6992042381315722
0.9806934906168193 -0.004049647499030765 -0.19550927808401314 0.6998796513122583 0.02156441618483798 0.9959275496619253 0.08754022948907744 -0.18083680744236474 0.19435856918696798 -0.09006617666764163 0.9767869933634805 -0.6909895243439548
0.9999471799070305 -0.006149843538767321 -0.00823509686798346 0.7074507234334745 0.006375539651060656 0.999596869868849 0.02766677145163972 -0.04735281147996853 0.008061630736652448 -0.027717813276811634 0.9995832796405798 -0.7051745777879378
0.9864058681676728 0.0704203825853672 -0.14847367767018116 0.713856514347966 -0.02358130928114921 0.9548326323652402 0.2962069648456185 -0.5820618958838999 0.1626265202756464 -0.28867908460260294 0.9435131165045021 -0.38937491737785596
0.9185412264595716 0.22023750345505266 -0.3282947720662509 0.6834837011754821 0.009123040379979297 0.8184119436566675 0.5745595361790985 -0.7200242715087825 0.39521992033344067 -0.5307516674980886 0.749735874838351 0.1200628113351985
0.7790606031837053 0.5187291967846375 -0.3521144657213134 -0.4789652646055861 -0.025716164365251537 0.5875989851392166 0.8087435388018267 0.7074142202079532 0.6264209889981182 -0.6210051956840033 0.47111494507826 -0.5197666749118055
0.9235134021311804 0.3300703922329476 -0.19538815791976943 -0.6372366550472385 -0.2811088854264907 0.9290022892290054 0.24069179699678905 0.6513617594743991 0.26096128183768735 -0.16735675301121053 0.9507317847864221 -0.4118947726769808
