0.8313350790839703 0.1290739066926526 0.5405755385656525 0.542869014146184 0.1431818622236578 0.8900847172470683 -0.4327217933654047 -0.4522148994141206 -0.5370111177756139 0.4371374185931731 0.7214776064792879 0.707668650024732
0.7193694676521728 -0.05351079698957604 0.6925634726257012 0.6950691840507474 -0.047542089142734334 0.9908975327583307 0.12594375464228813 0.13059594356892876 -0.6929987869901171 -0.12352600608371272 0.7102774155576347 0.7069819862672384
0.9771623593435806 0.03600666145373657 -0.20942121146875997 0.6582547569811629 -0.01613731056269002 0.9952675171386912 0.09582356983742812 -0.2793377945214081 0.21188041601311447 -0.09025569045517948 0.9731190059034757 -0.6990501208522789
0.7503044210641828 0.018329430843461843 0.6608383370359928 0.704784363784917 0.03240641690351362 0.9973940972428823 -0.06445804006120458 -0.06327350116258593 -0.6602977357791082 0.06977855508686703 0.7477552095271368 0.7065942715695608
0.7435135976541503 -0.06599379217646933 -0.665456497073664 0.6861104754241938 -0.060591982629355765 0.9843767999267625 -0.1653206805181686 0.17199559529199832 0.6659700757124349 0.16323950244997526 0.7278988412516251 -0.7068733484248351
0.7247550082952088 -0.07849555429535374 -0.6845207271565098 0.6788180782135992 -0.07718774213588878 0.9779854419609623 -0.19387245234015224 0.19876250387484193 0.6846694314886382 0.1933466401784273 0.7027409524972476 -0.7068942521649185
0.995148359572714 0.04890544971332117 -0.08536978053195321 -0.6632852259850087 -0.0533907317405275 0.9972668594430613 -0.05107093910223584 0.6049249528309407 0.08263880567836773 0.055381116320557144 0.9950395769772891 -0.4405888224098517
0.9120154744977172 0.10095062373029219 0.39753835770296253 0.5244120276947225 0.07348832113499117 0.9133340245008544 -0.4005251881540445 -0.48269614170744635 -0.40351857569815053 0.39449959601695067 0.8255560718745872 0.7014245932314139
0.9949975264073538 0.06360512437016375 0.07703447667832619 0.6096132370826741 -0.0532710883470246 0.990150674889206 -0.12947521833452758 -0.4392965725280636 -0.08451102643780323 0.12472381156100906 0.9885857864849783 0.6598410585426455
0.9889495135270161 0.03163001833176683 0.14483922685174389 0.6820483981978996 -0.017440833407281794 0.9950131969750823 -0.09820669618455344 -0.23914639615586086 -0.14722322175777253 0.09459534759044881 0.9845694709818623 0.6910998362909251
0.989552979278095 0.02944208214790564 0.1411313749690054 0.5368080088492174 -0.005355007941435785 0.9857560521578658 -0.1680961912837 -0.5330619070497352 -0.14407020889758293 0.16558432725634115 0.9756155008379437 0.6539741316656478
0.9614391460714161 0.04778697712600097 0.2708342172226866 0.5625851356405509 0.020144642823109293 0.969905837105517 -0.24264554501201044 -0.4665885920477372 -0.27427898528140227 0.23874478416460806 0.9315427882106109 0.6824903302811058
0.9922691622232787 0.08363006294598094 0.09169472325255823 0.5706039473946046 -0.07481916174229702 0.9925994057758125 -0.09564785773703682 -0.4739102084964978 -0.09901516417646355 0.08804789733523208 0.9911829119985635 0.6706864017560679
0.9664522758857481 0.04521400483033064 0.2528353064792587 0.6502315797443053 -0.007526625720070956 0.988946591017709 -0.14808102518459934 -0.3185123674230697 -0.25673595061955745 0.1412102470844619 0.9561099925101805 0.6897454345639241
0.9653619471736042 0.02154263206679817 0.2600235103847757 0.6872072753029047 0.005145029558228625 0.9948200871558137 -0.10152104639996623 -0.20685559476399143 -0.2608636418131739 0.09934238367853744 0.9602506189454054 0.6963884861810921
0.9048558993992182 -0.036474816047292816 0.42415255406132835 0.7003031384616151 0.011774291478235853 0.9980859044727837 0.060711558643566796 0.09732170371808814 -0.4255551284882107 -0.04994111619759674 0.9035533838851586 0.7071803166422411
0.9999852969683358 0.000728443850814886 -0.005373566479127567 0.7081645455542813 -0.0009066891701756327 0.9994468785792979 -0.03324326718069229 0.05099643152673404 0.005346378390843343 0.03324765055841424 0.9994328441523458 -0.7042033373901585
0.809585642857728 -0.570520400357714 0.13812153942927538 0.6629562627268418 0.585336080049953 0.7669083137552375 -0.263122237153862 -0.6947082032480746 0.04419004718705557 0.2938675059763701 0.9548241349383841 -0.27905108143687696
0.7948874623396985 -0.04164462872602377 0.6053260667718068 0.6922282474120436 -0.04647365839686622 0.990532471569617 0.1291728370881323 0.14873759273036657 -0.6049744798670152 -0.13080958552207636 0.785426464441565 0.7061849488580355
0.9133259385967336 -0.07140875091052468 0.4009195931602677 0.6064298619068714 -0.033435024473487826 0.9680325461230308 0.24858617979489328 0.36456971677123046 -0.40585444315031616 -0.2404449623925617 0.8817416804456883 0.7066340949890244
0.9526984545030873 -0.13846976681017487 0.27053979091247327 -0.694208031536656 0.1405016644338687 0.9900084315769769 0.011941009078247009 -0.2562393457130169 -0.269490142822964 0.02663511002473988 0.9626347354190106 0.6726192137149861
0.8500016650806075 -0.1332648177221323 0.5096446386627471 0.5507325369890183 -0.11342793320818216 0.8984756978963188 0.4241173472729492 0.44657572297336245 -0.5144232433787523 -0.41830838940572285 0.7485898864027453 0.7051693387778983
0.9963613741542177 0.06487094985959141 0.05527903723684929 0.6680749427658681 -0.060866034821953005 0.9955969518457881 -0.07128839513152121 -0.2859157655294146 -0.05966018688012453 0.06766438752910928 0.9959227845379075 0.6869701928541809
0.9881713165899966 0.07534993800628022 -0.1335658485962724 -0.693924653965647 -0.08147457052848847 0.9958321474105438 -0.040990590882589564 0.24663468399247518 0.12992052734649379 0.05138794631190498 0.9901918680477304 -0.6764908774481656
0.9568308548888096 0.21220326434353046 -0.19860636881706323 -0.5906098549661073 -0.19231662026996932 0.9745961214316938 0.11478988482543134 0.48145973032848893 0.2179197850143167 -0.07163919801511676 0.9733338546496084 -0.6475928715550631
0.8269245126037605 0.12302581383755566 0.5486898026978819 0.5874666793552427 0.11852658353371251 0.9157151727598393 -0.38394943856352187 -0.39361195922195985 -0.549679269620803 0.38253153008219465 0.7426454935176782 0.7070732113471523
0.9882691442689713 0.07647171399727229 -0.132197486527521 -0.6917308298168698 -0.08788314940705017 0.9926875428090638 -0.0827526096386145 0.4191386367285143 0.12490256416972711 0.09339978217331255 0.9877630435250172 -0.5880741979395347
0.9551700077442034 0.006272581258998301 0.29599140364254983 0.7045699602087188 0.005887151006369752 0.999175426139492 -0.04017224479653899 -0.06902249104545778 -0.29599932053801414 0.04011386946324324 0.9543454718904054 0.706269825846584
0.9668076090842115 -0.10066722868064555 0.2348385745286095 0.39635013227314714 0.0036342749133464747 0.9244387740394283 0.3813131850570255 0.5733363108703279 -0.2554796255334757 -0.36780302081717303 0.8941202932575893 0.7170718564304849
0.9952553796087591 0.07867267320498836 0.05724805543078193 0.6325594717159781 -0.07325887991904731 0.9931339778059233 -0.09120328196063351 -0.3878581639291316 -0.06403019500853807 0.08657662859089255 0.9941854060028257 0.6703988062458983
0.9075144570907262 0.009303667164985915 -0.4199177918933751 0.6818396370909765 0.03489540175682133 0.9946282948124278 0.09745186552730706 -0.18139259437105576 0.41856877703378076 -0.10309217688944922 0.9023149017702408 -0.708654666250765
0.9939763541794924 0.005693203988039075 -0.10944676678821541 -0.7083517774441012 -0.012116635039231632 0.9982363688867858 -0.0581148775018164 0.11086976383533953 0.10892288321270943 0.059090940592240064 0.9922923290303893 -0.6970980238523694
0.912050927529805 -0.14177549817177126 -0.38478931080549567 -0.7038104945683331 0.08010367178617589 0.9818527902110675 -0.17189677170067585 -0.016543050845979013 0.4021772088997522 0.12595557340938843 0.906856485982604 -0.710195124739804
0.9714656820974599 0.10725209780550338 0.2115453048952776 -0.6223239587610973 -0.08208522766065002 0.9888337619559402 -0.12437767732178612 0.5070201487781019 -0.22252290647665096 0.10346390062423613 0.9694218779049719 0.5963584987949343
0.9559594993448781 -0.06512770307260028 0.2861814422788054 0.6553584564760685 0.04623239018198662 0.9963107768817548 0.07230077432043938 0.22552159942446537 -0.2898344384477986 -0.05588575991933693 0.9554437608398975 0.7208642741309462
0.9877765894629089 0.10861598305431136 0.11180329840469672 -0.649590060772746 -0.10464757796185606 0.9936725707535592 -0.040788559164680716 0.3270368872862829 -0.1155261603955629 0.028590039474596124 0.9928929025363713 0.6863524075133409
0.9973885109041407 0.017065722148064413 0.0701777702979055 0.6984717362071599 -0.012839579208583154 0.9981015426489832 -0.060236664644269994 -0.16353605764087742 -0.07107252297595046 0.059178304210958835 0.9957141280450668 0.6967016517642507
0.9983265783903914 0.05735319618027836 0.007392818626223263 0.6926210108513694 -0.0571260945528019 0.9979757611677128 -0.027946188342393652 -0.16449846866595164 -0.008980657018172633 0.027477099731062105 0.9995820910710091 0.7022936630312023
0.9982316171042156 0.05387451574718867 -0.02512319976650984 -0.6940597549886315 -0.054394980257158165 0.9983087411595045 -0.020514469219293716 0.1631818741990895 0.02397550283780292 0.021844767738105245 0.9994738522773582 -0.7011795293917195
0.9909859240563483 0.004398459073127484 0.13389380822116853 0.6887322423143617 0.006754931141541187 0.996548926967308 -0.08273214046294203 -0.2195968273354992 -0.1337956248442307 0.08289083012064091 0.9875362479698925 0.6909595732174311
0.7790872060318369 -0.019090721921541008 0.6266248237454535 0.7040594119293475 -0.023428049244964864 0.9979514470492665 0.059531805288018026 0.06524417583939603 -0.6264776547540081 -0.06106106508069922 0.7770439462637417 0.7071375693546053
0.9973771212230982 -0.024853570766234345 -0.06797924742811834 0.6419698503026752 0.032019460153826174 0.9938031108255224 0.10644308847911257 -0.5346650456475254 0.06491249673354965 -0.10834055996570441 0.9919922836565489 -0.5495525454996006
0.9541759517432569 0.012719102943874308 -0.2989757139554202 0.6942012525128695 0.004317910506133532 0.9984070947198803 0.05625503410245815 -0.13473270883293892 0.2992149875318932 -0.05496815108142925 0.952601119883332 -0.7070584970001433
0.983093223214742 -0.007768621171549195 0.18294087294626793 0.6608145998783401 0.02988072501822378 0.9925131052476082 -0.11842667851517105 -0.3140514106749938 -0.18065120188261946 0.1218908710151968 0.9759650397537414 0.6816859805223192
0.9926154060761432 0.1178254809808913 -0.028841145121421757 -0.697409852340148 -0.11481852525919051 0.989304476650053 0.08996309653112894 0.7072697671673591 0.039132619099647006 -0.08598725784548591 0.9955274127871193 -0.11571073549987868
0.9361540675055836 0.262656086581374 0.23372492822655755 -0.6368587937438313 -0.22949273041393287 0.9601104202037729 -0.15975314614520966 0.5845388525603754 -0.2663618752372598 0.09591538561613894 0.9590889375976547 0.5027178201322804
0.9776482581955062 0.20940983935460922 -0.018745730947864858 -0.6962862098315196 -0.20893497494174573 0.9776230017908711 0.024483517220744933 0.6998077379318923 0.023453347168047686 -0.020019629139504155 0.9995244644108178 -0.15954511565417703
0.9432783290841646 -0.07238591288000909 0.32401585377372366 0.6421118558527055 0.01911550927728775 0.9861647577741455 0.16466228417379114 0.299595626682715 -0.3314522457085742 -0.14912863621983552 0.931611538504088 0.705644970963434
0.946700492077928 -0.09039038755408436 0.30917269629970795 0.6467190178676245 0.04662427822444784 0.9881651246395599 0.14613645378936901 0.28213394693598276 -0.31872300666795067 -0.12393249890123877 0.9397107963286555 0.7086289211672488
0.9888076997645255 0.035997754937067944 0.14478775682314537 0.6180969350331849 -0.014292721348056092 0.988847905942323 -0.1482414821497321 -0.456491277180524 -0.14850943068658706 0.14451290791127727 0.9782949291722678 0.6399780408425565
0.9932101931979473 -0.10405127056842547 -0.05202735069934633 0.49561620677230933 0.10268755385042919 0.9943127512780516 -0.02823860708474224 -0.6188833646140693 0.05466972116182514 0.022704311021643553 0.9982463302457568 -0.609383259196211
0.8932691084181976 0.02725356764185223 0.4486953788446558 0.6744215452190513 0.06310564192345322 0.9806730589069678 -0.1851972718251542 -0.25238269367441124 -0.44507075606378277 0.19374621179481719 0.87428509509883 0.6938721462041804
0.9629228739919728 -0.0724503008708908 0.2598662976354499 0.6779488881823235 0.0552727025147203 0.99581229515134 0.07282033494938081 0.18165869225573594 -0.26405390945744023 -0.05575685365170985 0.9628949611308097 0.7123099216915957
0.8786208967926825 -0.0055626857342873925 0.47748756658853814 0.7044437776079187 0.03128330685049936 0.9984545974561821 -0.04593224935828029 -0.07552230068271908 -0.4764941494202417 0.05529442418576484 0.877437093028466 0.7057303637290053
0.9843049443727989 0.16774667086107606 0.05481633787736301 -0.6397665473289792 -0.1691556690358819 0.9853408548864153 0.022130506653307735 0.497902466028645 -0.05030045841026237 -0.031055661428067816 0.9982511756952672 0.585484328775204
0.9132152186953268 0.0037542856576556483 0.4074602676120055 0.686547112655274 0.06581128436560045 0.9854704367656202 -0.15657871219015795 -0.2323942151233437 -0.40212788910170905 0.16980554643526513 0.8996995260676893 0.6889455645273519
0.9974983527012831 0.06688255559123094 0.02288580599002421 -0.6881387895940682 -0.06659097671535076 0.9976920475701934 -0.013274789463095502 0.15366794485746796 -0.02372083848270895 0.011717592448100445 0.9996499486564772 0.7091199961778634
0.9750122270436103 -0.020211413762598773 0.22122987110509457 0.6981578905821861 0.0599739656803612 0.9828238155396053 -0.1745292842154075 -0.3064649532146044 -0.21390250245387643 0.18343621878431932 0.9594773958161186 0.6470353871845052
0.9978933119038205 0.01846781856265048 0.06219226427106206 0.6701122384495214 -0.013035733547242412 0.9961541372896102 -0.0866429709305809 -0.31996842461708 -0.0635531880279025 0.08564971942936658 0.9942962927886039 0.6697535331211294
0.9772556229849023 0.1090302954624075 0.1818896424092654 -0.6330640466548066 -0.07760527155065544 0.9820820239190838 -0.17173328193028073 0.6146456303119009 -0.197354678616797 0.1537117203285957 0.9682065057939264 0.47057482080061036
0.9773961275709036 0.14704923016413957 0.15189909057507917 -0.6186745115677796 -0.13507941653971478 0.9870625368337381 -0.08637765687164586 0.5272539377262508 -0.16263566963213288 0.06390674680719965 0.9846144253847942 0.5824475374559773
0.9936109109241336 -0.028283495392565583 -0.1092584165219877 0.5320262159723281 0.03816872959053824 0.9952577687246139 0.08947134666890161 -0.5841111462608513 0.1062097254207815 -0.0930699612210148 0.9899785232742986 -0.6129945141124836
0.9972880368724949 0.07073570987864297 0.020323160654037907 -0.7074952307110374 -0.07134429826918126 0.9969708937754348 0.030968178330168024 0.7026630160077593 -0.01807104356376507 -0.03233413540788474 0.9993137350561841 0.07559883898589605
0.9878845006192067 0.09630370196259269 0.1216955645232839 -0.6100095162494487 -0.08709240147295139 0.99307245118375 -0.07887978388391259 0.5542040169367165 -0.1284489277573579 0.06732535694817082 0.989428203191008 0.5663446809994082
0.9959229098177447 0.0848370787069595 -0.03066313383568564 0.6644914767202068 -0.0808754495921768 0.9902885570585742 0.11308286966693895 -0.47803639364479644 0.039958970875378086 -0.11014192587437227 0.9931122981875036 -0.5743973221710525
0.9288617458759729 0.05093910797786089 0.3669074329127975 0.6151820141551234 0.034721897244657365 0.9741657830257682 -0.22314886742603712 -0.3604790363524917 -0.36879567093442234 0.22001416877149405 0.9030966275210075 0.7011461715009392
0.9991067161899607 0.041479044654097685 0.008078274487550163 -0.6972134505548314 -0.04153313555316474 0.9991150147140474 0.006647256883171582 0.13056970925308317 -0.007795403468408568 -0.006976835065543752 0.9999452762312708 0.7048722972219797
0.9504245607283657 -0.029751934468026008 0.3095286364130204 0.7017177279325633 0.02049259219541625 0.9992411533650181 0.033123572978482285 0.07657595374044615 -0.31027924202145035 -0.025138413179012706 0.9503130285087307 0.7083278574317843
0.9868223334334623 0.014715960677193787 -0.16113696887519063 0.6937103305563411 -0.0022986606995688413 0.9970301964974196 0.07697729165997853 -0.1906241877669354 0.16179121853773532 -0.07559251135968716 0.983925492011672 -0.6945706561017446
0.975381366948466 -0.03685919581352262 -0.21742260391624924 0.6800565146561048 0.016264623106012704 0.9952714279320287 -0.09576140546880149 0.24488016126218426 0.2199241938599778 0.08986759385964023 0.9713687067889916 -0.6910548773389836
0.9994428947632968 -0.02832050625521134 0.017659247792864596 -0.706200599645504 0.028781632079413057 0.9992362643566419 -0.026429257451333017 -0.07921624477839703 -0.016897270844919043 0.02692279554637814 0.9994946949924053 0.7035662723749196
0.9527402784801249 0.10834621908325402 0.2838081369023412 0.30796432946216357 0.10344010791429567 0.7627078650232187 -0.638417462720438 -0.6368321354821265 -0.28563281645548644 0.6376031755269778 0.7154551591271253 0.7068258646910104
0.9916308502573892 -0.07964764367684915 0.10160959440197193 0.6627322392712715 0.07374297319202647 0.9954340102177416 0.06060614825762298 0.26988959420528674 -0.10597278293320261 -0.05260593273149472 0.992976527979812 0.6985310200486388
0.9896374116336174 -0.007814108660571736 -0.1433761946801303 0.7050862649320282 0.001822437880271574 0.9991212506002791 -0.04187368289398412 0.10855729204737935 0.14357740844327305 0.04117846894645506 0.988782009079827 -0.7007629223550157
0.9963252470226178 0.04625459070264326 -0.07208685722273463 -0.6588247505988962 -0.035289011758564415 0.9885690929060549 0.14658047004974298 0.690760935952235 0.07804285870227898 -0.14349794907883057 0.9865686244837437 -0.2979920760031961
0.9736717835297741 0.009248065978511355 -0.22776683523640173 -0.7076934227966949 -0.012938402328646736 0.9998080227315802 -0.014714463182553053 0.07834718495019043 0.2275870288551856 0.017273996562050774 0.9736045158788262 -0.7021621877747898
0.9979860743630826 0.04799621915849009 0.04147479142628002 0.6847441255773487 -0.04572718807390794 0.9974919272184714 -0.054026654577476865 -0.2223358907827607 -0.043963844784284556 0.05202132332487079 0.9976777847939249 0.6940405133399264
0.9998427284539237 -0.017716297312209972 -0.0008069494153343237 -0.6576766973478956 0.01773131988742127 0.9995025244647617 0.02608263567239255 0.6211231425482006 0.0003444602494839799 -0.026092841894170937 0.9996594644922954 0.42622459285758285
0.9750279228015508 0.14338222995948186 -0.16959388517614707 -0.4810273839035852 -0.06570526062100324 0.9157105559085497 0.3964303173628139 0.6669722493207642 0.21213997380036598 -0.3753874184485968 0.902264328002874 -0.5689997140340876
0.9957377226194555 0.08869810641446674 -0.025279115315000322 -0.5140773886198826 -0.08786845394004916 0.9956104436074468 0.03223320309818778 0.5521398992370657 0.028027175291253537 -0.029874579466018625 0.9991606412118735 -0.6564038163967706
0.9917718502732502 0.03835773095422379 -0.1221363233506611 0.637502686644444 -0.02267546404313281 0.9916061624686477 0.12729116970407028 -0.41997129587634136 0.1259937313361365 -0.12347430109235369 0.9843168578429164 -0.6459213846599774
0.9754679677300305 0.13375125070518423 0.17485092755671217 -0.6742077887242948 -0.13643202375838923 0.9906437808582123 0.0033469897127260395 0.37345584261034 -0.17276731990117206 -0.027120147155680063 0.984589229472078 0.6371613541668215
0.9820591186621404 0.12719049130786025 -0.1392209264924118 -0.5749024041800634 -0.1066716485871066 0.9835074749956512 0.14606233606028501 0.587438885779519 0.15550256216618835 -0.1285909232743272 0.9794301034842695 -0.5695636761083878
0.9943511026720635 -0.10559010330917756 0.010798828547970318 0.5778492765536904 0.1061347725308357 0.9902252094230078 -0.09049555062536463 -0.6378098473486599 -0.001137837720884105 0.09113048176278499 0.9958383104796702 -0.509204096813307
0.9930827852887203 0.10134842467146765 -0.05928809644278683 -0.7006768804858843 -0.09226705041148314 0.9858730417246282 0.13978961695703263 0.7095243722733477 0.07261799344213664 -0.13335232437884575 0.9884046664252433 -0.07501382740989467
0.9994032482195857 0.005627523593491002 0.034080469866859586 0.625631449309693 -0.002249976916010754 0.9951499766528306 -0.09834358937799825 -0.5069129742463334 -0.03446860966181614 0.09820822239545735 0.9945687809306634 0.5929793640384031
0.7731426091024646 0.06875699160771254 -0.6304942363696043 0.6713551140961258 0.0792616595488714 0.9758379511240721 0.20361208822545848 -0.22497068290549171 0.6292599584557977 -0.2073952006460854 0.7490121063328533 -0.7061660588062941
0.9667350837289203 0.19281254057274688 -0.16806725464979785 -0.6772797501280748 -0.154628878304379 0.963968150710163 0.21646088425107748 0.6938963236476277 0.20374785368677314 -0.18327227999430695 0.9617162177605832 -0.24454045083535633
0.9949165614111606 0.0022403435555166384 0.10067778648016384 0.6771051765772972 0.007197533807454803 0.9956136778031431 -0.09328236745703886 -0.2796562743921554 -0.10044516582137136 0.0935328040425002 0.9905364118653408 0.68067683084216
0.9855285387784621 0.045389539805153506 -0.1633195913828639 0.7017634932708938 -0.05104536406774829 0.9982274344667446 -0.030599998123076823 -0.05104973359840212 0.1616411768714282 0.03849387943839442 0.9860985504428057 -0.7105785841212527
0.995759489960913 0.038280661845209424 0.08365183250518521 -0.6604649513658828 -0.039106403992972244 0.999200957469525 0.008254438728577979 0.35025868716166764 -0.08326900575557061 -0.011490758054982647 0.9964608548055467 0.6641572856523122
0.9947352484681167 0.1009365415913488 0.017708755649452457 -0.628426794505296 -0.10104999470020304 0.994865413404537 0.005630966392039527 0.3868043948839015 -0.017049458236642778 -0.007390790417625415 0.9998273311881606 0.6748793403611472
0.9891296781741437 0.02560556072731429 -0.14479929217698184 0.606158540224418 -0.04649759324011066 0.988659114572096 -0.1427975104698821 0.5279592303948094 0.13950072966831523 0.1479780741642447 0.9791026687680149 -0.5948368475085611
0.9188997126206064 0.32437150290986383 0.22451379967779933 -0.6563317331435485 -0.28487444573021115 0.9393130614571323 -0.1911479080344176 0.6282209831816769 -0.27289167872192754 0.1116875135188594 0.9555396543358641 0.4178122214093708
0.9461745686739723 0.17648245852806443 -0.27130725649438975 -0.7083950436379269 -0.1930659658660164 0.9805441812218832 -0.03547733778243051 0.38980520062795376 0.259767623884973 0.08594795229554028 0.9618387240475186 -0.5884117331534275
0.9888108965698461 -0.022898700490224022 -0.1474064460618879 0.6831287007291381 0.006351132601041504 0.9937145064866647 -0.11176378086235329 0.29126349272489627 0.1490391691449639 0.10957704647335204 0.9827411647767461 -0.6697019904747289
0.9703081940702951 0.0840951801372069 0.22678185376641832 0.256342658443166 0.08593788024342619 0.7565676980737764 -0.6482437805105524 -0.6613380038986874 -0.22609000256382178 0.6484854037748555 0.7268768752902056 0.7049258727423686
0.8707199220474182 0.08338434758026592 0.4846585065057173 0.6220618752295605 0.06741605484730803 0.9559774647962896 -0.28559090032857076 -0.3437051550986484 -0.4871364212400499 0.28134345092834856 0.8267671798766344 0.703495408474353
0.9633284178904082 -0.08207208252991764 0.25546532554138335 0.36462339120391063 -0.04972117736153321 0.8809860324820818 0.47052249159127635 0.6137075009390363 -0.2636781443475087 -0.46596972416744237 0.8445981602826115 0.7002948563841681
0.9215434692785176 0.08628593806549345 0.37856620441115985 0.574853363121709 0.03183984045282082 0.954917077253679 -0.2951602956517532 -0.42459985192251687 -0.3869675164533235 0.284056530397471 0.8772502657443301 0.6994702114136364
0.9836097122872934 0.0422863721993024 0.17528204876806275 0.6498910916116171 -0.01826137950238227 0.9904752521584677 -0.1364745283204507 -0.3528048444677074 -0.17938354415268265 0.13103677952331397 0.9750132852937856 0.6731792560410471
0.9566676952678896 -0.08645788888404654 0.27805027293735574 0.6316310608739416 0.056279593489774266 0.991798210235556 0.11475590411901793 0.28346110926974627 -0.28569131626188743 -0.09413470998128867 0.9536871227972457 0.7215899129497475
0.9693153153853246 0.02685169810749808 -0.24434976093336447 0.7006278831213014 -0.031019307384381373 0.9994313143711178 -0.01322310189832352 -0.06143159002564566 0.24385573999568194 0.02039691553063796 0.9695970007729986 -0.7108774360885884
0.9725024197896648 -0.02729795344452811 0.23128740830617406 0.6949134531867024 0.060235603702657556 0.9887972809674848 -0.13657089440245218 -0.2316017034037301 -0.2249682545378856 0.14674726194736906 0.9632520571278982 0.6807759863278253
0.9697032551795114 0.15980540624268103 -0.1847642525757393 -0.6521267455296325 -0.155044415516645 0.9870961351538059 0.04003060306217418 0.5284309886876711 0.18877718641658414 -0.010171140547213742 0.9819672712410568 -0.5435912048216934
0.8731270499775727 0.3288929470226052 0.35983132714682686 -0.6729559863521714 -0.30869448991923326 0.9442973466208815 -0.1140624086115465 0.4330522349089065 -0.3773020891685671 -0.01148697364621451 0.9260189970759162 0.5996632407219716
0.9947189830597436 0.013231284013186018 -0.10177955523557847 -0.5819418866477118 -0.004793127214615389 0.9965622968605782 0.08270800691271446 0.57537622151754 0.10252400046864268 -0.08178338217102255 0.9913628537163246 -0.5747050063094115
0.9026268333501637 0.30854736343571604 -0.30010552183044537 -0.6733393402534561 -0.29308564670935705 0.9512085584490304 0.09645248584808913 0.5333727639902371 0.31522310100818063 0.0008960190769130572 0.949017172521446 -0.5119840109812562
0.9994177059769671 0.03274606303501326 -0.009588760891973469 -0.6425408846774089 -0.03206644494700772 0.997431274834642 0.064051503418739 0.47791021534332795 0.011661564569003358 -0.06370672913787934 0.9979005263924636 0.598951615398495
0.9501537149033374 0.2678960699249595 0.15949800554912302 -0.7117415109311697 -0.2802478631553049 0.9580283951926479 0.060355026315005667 0.5773816501929547 -0.13663474394264702 -0.1020455276989661 0.9853515398193515 0.4000680587573523
0.9408930901756438 0.048892553813801504 0.3351562486979649 0.5928380352471898 0.03435194504213751 0.9706488316478442 -0.23803526942975609 -0.3986622020128611 -0.3369571734383313 0.2354790092603567 0.911597224362937 0.6997224540133811
0.9336095065855352 0.23517197244766738 -0.27030988252038973 -0.7073677887935705 -0.2471114526830045 0.968930086753556 -0.010507946357000642 0.5198456334450635 0.25944020344967433 0.07660698635777277 0.9627160279517379 -0.47894814830563354
0.9939742251397239 0.034289908678193315 -0.10411264054247782 0.6571449365551246 -0.027191487517389396 0.9972563623051726 0.06885035111345156 -0.31954304057094574 0.10618786542951947 -0.06560449683287778 0.9921795136117392 -0.682680582397534
0.9993888151218271 0.03493630316104124 -0.0012045459021519656 -0.6849861432604762 -0.03493356010246404 0.9968604882631529 -0.07105500206400285 0.276185394185137 -0.001281634877062121 0.07105365339789166 0.997471671653313 -0.6741777299643905
0.9723528912982782 0.005942366016484346 -0.23344066284605403 0.6691032271679915 0.024364628181009873 0.9916381067212144 0.1267289635086108 -0.30004258317562477 0.23224172682246436 -0.12891296903140428 0.9640773966534164 -0.6799083171095037
0.9964215214593051 0.0237240990629696 -0.08112532709563625 0.651073070045988 -0.018509290818551488 0.9977499570103244 0.06443934698062803 -0.3357195013426426 0.08247155707344112 -0.06270717988831828 0.9946186464491489 -0.6807321601622325
0.9385117357072768 0.2945595818118684 -0.1800843544079613 -0.6902642377592089 -0.28294347967116756 0.9551186000631187 0.08770089580523459 0.6623244125362835 0.19783505566831872 -0.03135462607472947 0.9797337281998754 -0.29131023776923043
0.9984058330281932 -0.05591455334728945 0.00770423904432177 -0.6823237242100146 0.05558953525495236 0.9977535387947903 0.03738555058589904 0.6543398281591897 -0.009777328132845986 -0.036897676707965316 0.999271217091805 0.3259965102033731
0.9916686335206539 0.06762495964518167 0.10963660941613745 -0.5675674300834029 -0.0560524808366063 0.9928487454330499 -0.1054015563646048 0.5364949200456312 -0.11598034610804114 0.09837801342274921 0.9883675054308758 0.6245321553561142
0.8833596126897468 0.3791984784927589 0.27547106667923915 -0.6358570597596518 -0.3267440644359453 0.9196038704546715 -0.21809868821399836 0.5842728636621328 -0.3360269498485199 0.10265103678757978 0.9362417709234807 0.5042925939787946
0.9900163927606858 0.007828874743936814 0.14073468224060104 0.6700135246299981 0.01371287161647966 0.988370311035697 -0.15144664213916817 -0.3603233679979655 -0.14028363845135033 0.15186453497588903 0.9783954536890531 0.6490369383074355
0.9824531918278525 0.019919929692670008 0.18544250394206796 0.6355555269385922 0.01091472067770824 0.9864354727022923 -0.16378622367932255 -0.38717689018286994 -0.18618967409551024 0.16293635136348358 0.9689092582200682 0.6679545103419321
0.9552112849617975 0.09379807353995917 -0.28066585556819007 -0.7021754953389581 -0.10315682198105955 0.9944888387735611 -0.01872484001487723 0.27692887019079976 0.2773627068666578 0.04683877619032402 0.9596228727393865 -0.6559420512517368
0.9921471201452937 0.05276536102406121 -0.11340153730615987 -0.5942726738350793 -0.04596633806614758 0.9970321515661471 0.06175746520193243 0.559311690466098 0.11632363367858023 -0.05605983784653479 0.9916280082916336 -0.5779363477415669
0.9526464260938836 0.13959213069644855 -0.27014593074517407 -0.6894527362532358 -0.14368456231529828 0.9896125197496434 0.00466982944263275 0.37503046268615287 0.2679916666667305 0.03436710349138722 0.9628080643590395 -0.6196830452177438
0.9894246642953541 -0.03769992795789906 -0.1400626613912336 -0.6658099508251244 0.06722043204390382 0.9748551437019244 0.21245908385788306 0.6966221992152932 0.1285311137423815 -0.21962733033452211 0.96707992873923 -0.2672351416687069
0.9910333043007398 -0.018435100118862166 -0.13233720886570288 0.7040829062665627 0.013120571203801432 0.9990763033090045 -0.04091932034748495 0.10383397274950255 0.1329693211911797 0.03881606948187372 0.9903597691606496 -0.7024854213478643
0.9612898521057036 0.04485925385712658 0.27186295735531263 0.5968514144853253 0.015948862076502507 0.9759452058446108 -0.21743180307256066 -0.4081337558360579 -0.27507717832829975 0.21335089062926804 0.9374507685370143 0.690793186398085
0.9966201050120782 0.033150878263694755 0.07516239456044405 0.6107538620473414 -0.02545984455034106 0.9945536673818454 -0.10106828885854258 -0.4326272664962704 -0.07810353769956035 0.09881306577405144 0.9920361966335431 0.663184264196778
0.9927198594288406 0.03164258058995271 -0.11621543696597098 0.6976574725772232 -0.030742226806292905 0.9994818938724698 0.009532015111812536 -0.10568484911738248 0.11645684259232536 -0.005889899380271818 0.9931782885759819 -0.7085935108538584
0.9834292119597957 0.03723924345087046 -0.17742667164590065 0.7062475263641246 -0.056722656578980124 0.9927430606952532 -0.1060365770479376 0.20378177504493805 0.17219037515133817 0.11434357956888914 0.9784048346756136 -0.678002521871482
0.9943891370530842 0.06129153537878457 0.08621827997433829 -0.69492446181583 -0.060460454544913625 0.9980957871453331 -0.012220193081950714 0.13940692535854388 -0.08680309641392192 0.006938830856053901 0.9962013225645237 0.7054400764998091
0.9779835476455165 0.01629952331555304 0.20804448099955863 0.6445019256615403 0.02133547928271795 0.9839110550966039 -0.1773804752008081 -0.3872187805724799 -0.20758848199856067 0.17791391513418384 0.9619010660890028 0.6593018154006008
0.9979702178715943 0.04158783637727746 -0.04822754510422628 0.6836318208425123 -0.043235985631321736 0.99849803832312 -0.0336499184452016 -0.13994414007145875 0.04675568187730195 0.03566678188927849 0.998269395945729 -0.7162842809884991
0.8961965489717979 0.020645495817316742 0.4431766116499124 0.685677486521507 0.04896211584151013 0.9882124428243019 -0.14504785093047226 -0.19666422270427342 -0.44094722680085263 0.15169024803751602 0.8846217337523161 0.7008349077961744
0.9423330050280041 0.01595892880547399 0.3342960068954958 0.6900589528209629 0.02364256904602012 0.993192618148625 -0.11405898554688378 -0.18649898072418278 -0.3338405855551355 0.11538516302567625 0.9355408743554405 0.699311641416384
0.9762561131175042 -0.02389007314088746 0.2152980863965726 0.7070343834567238 0.025580083182605854 0.999659938180456 -0.005066294643780258 0.00670899381848057 -0.2151038375879749 0.010453344075925134 0.9765352357455188 0.7071473467474187
0.9990259231739094 0.029160981271540543 0.03311860500986713 0.6132169746035582 -0.028173741308917533 0.9991559188542422 -0.029894650344060247 -0.6119064413379813 -0.03396240755860658 0.028932455647875444 0.9990042381706928 0.49953523309887465
0.9994649679609379 -0.012820402670987024 0.030090116221029917 0.7097333180767761 0.014818982395760377 0.9976318045353172 -0.06716532096521595 -0.1358250489353823 -0.029157770483963452 0.06757529026915139 0.9972880248781917 0.6912526117805491
0.9773221346199575 0.020551776831367073 -0.21075832047860887 0.6934689303465251 -0.022285587259728866 0.9997345036733454 -0.005854465432370823 -0.0944038022388085 0.21058204525167679 0.01041857159516206 0.9775206675991752 -0.7142749923992173
0.9966947626718881 -0.03842902352883426 0.07157346025622097 0.720691159235466 0.04854738107183243 0.9881693138016733 -0.14548044216249942 -0.21514266724910036 -0.06513602577295385 0.1484742988242418 0.9867688081486741 0.6590279855429378
0.9860237224544324 0.09072080678109784 -0.13973887781891792 0.6061789352614777 -0.0783299109033597 0.992695240317075 0.09176374507231064 -0.37706447377172914 0.14704299988430425 -0.0795354956532679 0.9859272088324844 -0.7002638653140044
0.9693766250479341 -0.01918539783826522 -0.2448282649541602 -0.71613986546466 -0.00016996821662255968 0.9968910611861148 -0.0787920252184641 0.10476126582704441 0.2455787652088069 0.07642076051053945 0.9663596315251937 -0.6900498317328785
0.8230186137549106 1.7299885937275064e-05 0.568014402206193 0.7064224930380051 0.03037495138393704 0.9985678117258793 -0.04404188589753931 -0.04942298847765964 -0.5672016605594243 0.053500701730933936 0.8218393706637138 0.7060627660059031
0.9899186260158946 0.026681279113061174 -0.1391014852965053 0.5595584646670521 -0.009502705613188195 0.9923950127664132 0.12272667689781136 -0.4768337940808072 0.14131812499758145 -0.1201675829050482 0.9826438518435487 -0.6778818904808962
0.9410812224491435 0.07325251106798267 -0.3301517868736453 0.6188133098052376 -0.01375035421153449 0.9837397315805047 0.17907280158911354 -0.336453762046282 0.33790096258028507 -0.16398234701379225 0.9267862371416425 -0.7098372726285869
0.858097857768984 0.06584827456364276 -0.5092465721330599 0.6374806846403807 0.06819328037953004 0.9683449793069646 0.24012013152185527 -0.30145716414833673 0.5089378577030399 -0.24077376474189513 0.8264443424748305 -0.7090429852230922
0.9434332450217459 0.04690396193091696 -0.328228168417827 0.593640504887823 0.02401539896529961 0.9776765976302504 0.20873842736466755 -0.384238626734064 0.3306916581957817 -0.204813302305588 0.9212461877253031 -0.7070725766723323
0.8802667987294691 -0.11120628952579134 -0.46126296645674697 0.5178451769112792 -0.11639474725261442 0.8918309762652205 -0.43713816189601157 0.48723416101689704 0.45998111468469216 0.43848679677241065 0.7721053705225076 -0.7031637398841657
0.9893683118806176 0.08985839393092591 0.1143495189611719 -0.702605114640126 -0.08119409509349526 0.9936176370449094 -0.07830396078895605 0.03521927319313713 -0.12065596698234748 0.06818695178290665 0.9903497751997068 0.7107078553648345
0.9889767356914274 0.1285498586139473 -0.07348435283420707 -0.6811801618986494 -0.1315389718581111 0.9906060609215925 -0.03737821488403617 0.6154936082915647 0.0679890810618819 0.04663224116145698 0.996595664720964 -0.3964356255282307
0.9935976426910644 0.102446322774426 0.04762851445045163 0.6864888846553252 -0.09329678535180413 0.9817908460102771 -0.1654764168497843 -0.541942339745535 -0.0637136899086701 0.15997339041360062 0.9850629827974451 0.4848004864228405
0.9749316168374333 0.2214134371981918 0.02200982323486833 -0.6946696068244099 -0.22245637169751142 0.9720010035660449 0.07567834404755527 0.6533736394002194 -0.0046373679955667435 -0.07867743574039518 0.9968893398584366 0.3008937099564089
0.9571312487159792 0.28307898226956296 -0.06136825342649843 0.5877263661471619 -0.2801878885571253 0.9585543572036868 0.05165550688674614 0.6886544069114997 0.07344739503406866 -0.03224645845755891 0.9967776312095162 -0.4246561272097963
0.913071049725279 -0.027020686305715053 -0.40690433846930874 0.6707583112390079 -0.05250600769707302 0.9817076695816825 -0.1830113948370895 0.26555597349501625 0.4044062033516456 0.18846732872323074 0.8949501040251558 -0.6925050995082337
0.993372076139095 0.012194675751125478 -0.11429439282147391 0.7069846697296959 -0.01171066888135678 0.9999193961821089 0.0049052393578645735 -0.015494866124867277 0.11434499806049936 -0.003534264015553132 0.993434814367008 -0.7070591106060125
0.9697244916339463 -0.03763214216873464 -0.24128454612982775 0.7044864606817975 0.034518650504996126 0.9992574208824909 -0.01711927506017435 0.05175768599505654 0.2417496082573845 0.008272163384757157 0.9703034052399988 -0.7078276405004763
0.9923247237343314 0.12354307828695058 -0.005361946751642865 -0.6458991116087905 -0.12310922916454574 0.9910663839707534 0.05129854050211388 0.355508927062411 0.01165162478345333 -0.050244704900318515 0.9986689688126822 0.6755943608422944
0.999697260796301 0.01138516171444149 0.021812034501824118 -0.7072028972499448 -0.0117932964531706 0.9997560497003216 0.018675096957597524 0.0444757956231352 -0.02159409445057553 -0.018926679062742376 0.9995876529372075 0.7056103497858949
0.9921209415577555 0.02915966708397752 -0.12184314153084075 0.6698655238406352 -0.015715093844355044 0.9938205473646341 0.10988064188619301 -0.31580889528912753 0.12429430054518226 -0.10710010948365217 0.9864484240955396 -0.6719709231997855
0.9971865607805062 0.03692876441335318 0.06523211906452764 0.700039631387731 -0.03494599558716323 0.9988995692827797 -0.031279831826577315 -0.12269151396076762 -0.06631546117737258 0.02891222657596694 0.9973797384964528 0.7034851149019036
0.8277067367949604 0.5494639173339224 -0.11397789878874867 -0.6944967778349036 -0.54095549335433 0.8352846307573806 0.09831958009613084 0.6918989828353111 0.1492270487345079 -0.01972280833366168 0.98860624050095 -0.1973576021550686
0.931938221266607 0.28142635390508386 0.22867085312764063 -0.6824268755394416 -0.2868440147335535 0.957926104933707 -0.009903973852616849 0.4655843570182814 -0.22183701889894175 -0.05636297378800045 0.9734534155427281 0.5634933593586964
0.9453309390115354 0.1973488773367102 0.25962056228563446 -0.7288060538264918 -0.221680728071389 0.9727632340965201 0.0677447060058416 0.5912631171190025 -0.2391799961311724 -0.12159404181134548 0.9633316243364343 0.3453254439519011
0.9914418304398355 -0.13054831751169504 0.000483372500347079 -0.7164759007381557 0.12972060517624504 0.9847258055301641 -0.11613635311855688 0.061446582394694686 0.014685416126796524 0.11520514188973967 0.9932331618685251 -0.6949004253657215
0.9634056778074968 0.25414318594742996 -0.08520998183762268 -0.672070549525424 -0.2352956458069292 0.9540927276129865 0.18531871513776388 0.6954624941590878 0.12839571267210595 -0.15848756466203162 0.9789771360021235 -0.25426973016585275
0.9931977678564088 0.07880081300947747 -0.08572412609116081 -0.7003775679485611 -0.0863968738848791 0.9922917527138451 -0.0888406307891022 0.4418781991639541 0.07806262939440434 0.09564261270548094 0.99235009776132 -0.5605487663157234
0.9486982346261357 0.009100754693842701 -0.31605195123785645 0.7047960101351024 -0.005184201359081691 0.9998990310281506 0.013230714464230617 -0.04955068796138667 0.3161404492840525 -0.010913478499910378 0.9486496256856425 -0.7076774077361757
