0.9903487439678101 0.05797482450460481 0.12588997197966595 -0.6792269353851177 -0.06169487620670444 0.9977602075020148 0.02585170352947272 0.3366821121543672 -0.12410925658958794 -0.03336896835679243 0.9917073179015992 0.6521471656019178
0.9962658206244882 0.07353689544906779 0.04524090696623956 -0.6821265223255261 -0.07284548834259537 0.9972026001220022 -0.01674840703013064 0.18688909538887655 -0.04634597591532491 0.013390269513008396 0.9988356977996056 0.7069482821004736
0.9960196848324623 0.07827891007662265 0.04262862493041569 -0.6883102247197417 -0.07662535481464393 0.9962916362088433 -0.03913477507072079 0.1433486714513506 -0.04553397001988668 0.03571257282137516 0.9983242307570752 0.7111119412155806
0.8910965714434782 0.4263714204100775 -0.15541657639766476 -0.7199177552137349 -0.4435310547260496 0.8907311909089987 -0.09938887782561485 0.6757988258835798 0.09605781517022033 0.15749716632158786 0.9828364760963003 -0.1581593268270704
0.9918302076472874 0.029916073508838736 -0.12400753099772638 -0.7017771279524353 -0.041882584845079535 0.9945916458203761 -0.09504371179099794 0.3003690207590658 0.12049351968065747 0.09946098033967579 0.9877190010852462 -0.6459777968715881
0.9817408718304359 0.12869024674281423 -0.14008454936533543 -0.6352590289981722 -0.132883038974971 0.990910063048668 -0.020960555852861912 0.4214994914070866 0.1361137705391775 0.03919269501014419 0.9899176602765758 -0.6471353373289599
0.9744410433002706 0.1746316228051408 -0.1413097641648416 -0.5746873114877026 -0.16918115787487115 0.9843259575621315 0.0498010551043932 0.4522641950952258 0.1477917079947248 -0.02462124257294626 0.9887119931821227 -0.6820495523419862
0.8856588009396139 0.3277422166834579 -0.3289278457680632 -0.6238668004355724 -0.24795654501708547 0.9327425670420082 0.26174196341258493 0.6164023968506885 0.392588894521222 -0.15025426127500863 0.9073574912168334 -0.48045634606174964
0.9402139995424283 0.27237652401414475 -0.20447167097278374 -0.6832779289853942 -0.26109701309423256 0.9619259588216442 0.08078860995419285 0.6559199344057344 0.2186915289116162 -0.022571639529124304 0.9755329498644661 -0.3207807840420116
0.6683830477587254 0.5582312225680723 -0.4915709548162018 -0.4221476503745727 -0.20533218315484492 0.7736688155506776 0.5993957444003724 0.5875873744796057 0.7149145375704864 -0.29969061712800865 0.6317299565287454 -0.6903132902062593
0.9709629482476438 0.19582062795458688 -0.1374235598349658 -0.7110175238077422 -0.2072241223186655 0.9754805725253373 -0.07413376932881963 0.6273981051275321 0.11953709156367223 0.10045861980492873 0.9877342504172805 -0.3175306261145353
0.905518939359168 0.3927527656407044 0.16056374292917205 -0.6728585944421464 -0.3766745243683294 0.9182886331195054 -0.12191098791907046 0.6530558021450258 -0.1953247376901868 0.04991243697805957 0.9794677102800126 0.34753335260094986
0.9836456370188706 0.1758649921490434 0.03889428377225701 -0.7127919531529742 -0.17963600733280366 0.9736169832284629 0.14071558136409745 0.5484284139843156 -0.01312119061933148 -0.14540108151428566 0.9892857826994217 0.437211512033954
0.9914864834315718 -0.09801818915878657 0.08571457149474532 0.7065174273994796 0.10709686975814109 0.9882921490077565 -0.10866871075722814 -0.7060354202601734 -0.0740595278171774 0.11692332018747437 0.9903757486609989 -0.048446982556824565
0.9994846742463835 0.028129853237390118 0.015462771531784214 -0.6723607501341199 -0.028711008903922114 0.998836623154908 0.038743750621479084 0.3322363726164911 -0.014354926482575026 -0.03916773674011981 0.9991295333861051 0.6614756340105958
0.9952750734352929 0.05978445369231988 0.07650717152714043 -0.699078479668651 -0.06450401409068063 0.99606481624106 0.06077922352953449 0.5782094960093771 -0.07257244907374771 -0.06542706583192218 0.9952148203740052 0.4206697730866217
0.9786921934039547 -0.1881600620185903 0.0822032945283636 0.697329208517741 0.18562585129567377 0.9819038003321192 0.03752292931127163 -0.7121646869125663 -0.08777604400354874 -0.021464341464453585 0.9959089557507678 0.08095328074110146
0.8467079412795285 0.022381177112794193 0.5315870061290324 0.7087388097063801 -0.057448382438282056 0.9971194747785839 0.0495220796464146 0.053346277540042904 -0.5289473939149403 -0.0724695517326186 0.8455547401216943 0.7034511171990588
0.9971004758591737 0.07607079076030814 -0.001968713923029941 -0.677192619081177 -0.07609415853991905 0.9969315243522918 -0.01836340896231481 0.2093927240824988 0.0005657539314818383 0.0184599714440995 0.9998294401430532 -0.7053827640106374
0.8809797499397425 -0.01136760084957189 0.4730173969813728 0.70735323783379 -0.003942796557271554 0.99950027020548 0.03136342160034286 0.036572058629025544 -0.4731375429528042 -0.02949555068307252 0.8804946779728344 0.705913508479395
0.9479292370313757 0.040360236074135254 0.3159132996965379 0.7074253872687982 -0.0503456914159885 0.9984551659990651 0.02350729345598093 0.004400515437596714 -0.31447650617647177 -0.03818812425112832 0.9484968077063938 0.7067743323801978
0.903131520489158 -0.0006454283121187301 0.42936352910003367 0.698726296970407 -0.0626129041326606 0.9891109997485866 0.1331880415518809 0.18180795851045628 -0.4247741528565685 -0.14717001596332457 0.8932569089944613 0.691901313876685
0.9436838088444425 0.05676914981243623 0.32594191592125543 0.6776998642428501 -0.027183945283877534 0.9951423298051979 -0.09461911301997165 -0.18681589385129505 -0.32973004419319846 0.0804301377560439 0.940642913595215 0.7112121454318424
0.9774142949364375 0.19014508796530394 -0.09222874593408475 -0.5756570862561886 -0.18781277959043874 0.981636079259058 0.033421066999991755 0.4202363612013091 0.09688991627832266 -0.015344491505799501 0.9951768137893933 -0.7014416011096849
0.9631905386044495 0.018803373783068074 0.268161181898584 0.7089160362713061 -0.03170871128448903 0.9985336702514424 0.043875585498778166 0.03185485843597086 -0.2669429601460735 -0.05076359432268167 0.9623744144146256 0.7045731484462096
0.9737506061680569 -0.0061727909675865465 0.22753385163314027 0.7064702446626812 0.006094644279289702 0.9999808803735099 0.0010460394490027693 -0.01824897536056 -0.22753595825374567 0.0003681563396585319 0.9737696093853305 0.7075074333917214
0.9706222486007157 0.04496532793416266 0.23636956192594522 0.6890464496440262 -0.025307199006795608 0.9960121070135313 -0.08555365778794177 -0.16719709086971749 -0.23927389368612784 0.07705843215533917 0.9678894574454462 0.7051667342108998
0.9622893007401061 0.21332142595816356 -0.16879949913519637 -0.6130620622426314 -0.2039659753961694 0.9763889052122819 0.07115185632891652 0.34354345024457816 0.17999217361265069 -0.034039315585618485 0.9830789095655833 -0.7114301129646277
0.990750891111299 0.13221858088401023 -0.03051095919804203 -0.6542065684434119 -0.1326103627509959 0.9911051127882621 -0.01118691628718177 0.2577605505486769 0.02876044946129369 0.015129516647444746 0.9994718276533858 -0.7110367531895511
0.9868226059118892 0.13258630159941354 -0.09274705973483705 -0.6246090970148457 -0.13411477885138212 0.9909110380438777 -0.010418290476339853 0.3947899640732313 0.09052276263411851 0.022719755962462423 0.9956351953070426 -0.6737984566570003
0.9502383203923305 0.04146495844899227 0.30875199056651575 0.7028917529189916 -0.031540559159792335 0.9988148819027345 -0.03706784074524424 -0.05329297938543236 -0.30992309947122404 0.025485072306163637 0.9504200037371371 0.7092975694493046
0.9555562832030442 0.02357241793941174 0.29386481712459706 0.7028566055923026 -0.010004951462574432 0.998816974534867 -0.04758731267098615 -0.0670318727633105 -0.2946389155855259 0.04253225239161846 0.9546616766839867 0.7081661669474967
0.959517377530893 -0.07383107639203777 0.2718002471945727 0.7043354317324665 0.0905598648537999 0.9946595480857467 -0.04951054715431702 0.02450799153616645 -0.26669329405498565 0.07212042401879974 0.9610792534153723 0.709444118981265
0.9645734662447961 -0.054408586154534096 0.2581428557391498 0.7089894777284843 0.07672879006627101 0.9940598189964226 -0.07718658582788025 -0.0822320726088649 -0.25240982744628837 0.09425912162471767 0.9630184302489084 0.7004083142744248
0.9757495818008868 -0.14347789210950304 0.1653083424731166 0.7022010776543177 0.15620225862166773 0.985472601346541 -0.06666788129805329 0.029141450102725206 -0.15334147520121633 0.09087269375943152 0.9839860494498993 0.7113820509592756
0.9998336324423394 0.017070365361013418 -0.006427290533243757 0.6886171806767871 -0.016621638560686658 0.9977876474069767 0.06437027119415419 -0.7054605230450528 0.007511895148038114 -0.06425272996918151 0.9979053853561431 0.16772545692814148
0.9852250103290152 0.021761023613986644 0.1698768285360409 0.6925970671359101 -0.014531256950720883 0.9989395869103439 -0.04368688904949786 -0.14146355499196014 -0.1706473603476597 0.040572891869603264 0.9844964798574516 0.7073170188845822
0.9770175861922632 0.14539289539938038 -0.155876689207938 -0.5561919319382851 -0.12530103903917794 0.9833231707246288 0.13181498978403122 0.5490281190456706 0.17244212329574715 -0.10925405202301047 0.9789419115707567 -0.6238739130176312
0.9887850346876101 0.09424695525070348 -0.11585191670314776 -0.6308019447674875 -0.09113477452593421 0.9953279879607135 0.03188493773217127 0.548093571264471 0.11831571345315145 -0.020969210954378426 0.9927545941178122 -0.549256173034144
0.9886762468632673 0.14537900026776657 -0.03720517664933608 -0.7040273651346426 -0.14406430189634561 0.9889176563748658 0.03587960185343681 0.7052664255057375 0.04200899674453245 -0.030113372298487394 0.9986633211454851 -0.08333509582362492
0.9768754505244692 0.1665365334093401 -0.1340892881725295 -0.6767444516298446 -0.14334356230996242 0.9754479984481121 0.16719397557287194 0.6895993601796913 0.1586410328600572 -0.14410685397846826 0.9767631429008378 -0.2578171243885504
0.9926466914680974 0.05806971852112491 0.10620948031281359 -0.6955872142549755 -0.03930688311426078 0.984502787469216 -0.17090708120258172 0.7046655867751178 -0.11448805552232277 0.16547558507593002 0.9795459743608242 0.14001727814766865
0.99854213388329 0.03032485471902846 -0.04465433961078695 -0.7020997929215714 -0.030477049494248565 0.9995317351534337 -0.002731277227041279 0.6940524392673614 0.04455060396819313 0.004088227908967637 0.998998763802355 -0.1592077018442014
0.9980168409291967 0.013031703573134157 0.061583763474538755 -0.6876032052269114 -0.011923145470752183 0.9997608199562416 -0.018334161625421175 0.66623097988274 -0.061807959226860554 0.01756352989594484 0.9979335141149459 0.2886834141514923
0.9956083327358354 0.0416812836820733 0.08382552342565383 -0.6775171811673788 -0.03695709165092814 0.9976818543743788 -0.05714097329242618 0.661192020056426 -0.08601291277288045 0.05379208159864632 0.9948407866556386 0.32217321713126895
0.9966083817833433 -0.0043453248762262975 0.08217573553614196 -0.6921879175301654 0.01228020443153921 0.9952763244287324 -0.09630282763632839 0.6925598638647034 -0.08136909694905978 0.09698534004349742 0.9919540885939944 0.2030682687889876
0.9978389944535178 0.037348592301736205 0.05405944691792 -0.6643652152430085 -0.036883423278613714 0.9992736797752519 -0.009577368933005925 0.6202532883872461 -0.05437788369588581 0.007562774722739224 0.9984917877495276 0.41701884731978095
0.9928957728874626 0.05562380472189146 0.10518543877585568 0.6238412989983131 -0.04248185292341289 0.9914604587468397 -0.1232941641510224 -0.4449525620174079 -0.111145293892283 0.1179497820674825 0.9867799007660376 0.6425256813686453
0.9964237839525795 0.08409237389564811 0.008253207026221565 -0.6564055186576204 -0.08289743261443616 0.9918054540846791 -0.09721088886446022 0.5147809043862716 -0.01636027015541497 0.09617907205040993 0.9952295854022648 -0.5514820174358114
0.986898390333002 0.12132488344538306 0.10635713335312041 -0.6927585542909264 -0.10216549034570421 0.9801243162766938 -0.17005451251162074 0.7041407095029799 -0.12487505651871002 0.15696049598579678 0.9796783262680364 0.155792960936576
0.9975946492411232 0.0659934495936822 -0.021208027164413307 0.7007824167167959 -0.06631745551928214 0.9976864959104502 -0.014954964773455051 -0.7048178091187967 0.020172032592884886 0.016325455235715894 0.9996632275983838 -0.11016288108771684
0.9918324405472989 0.10621467617053859 0.07061764966335604 0.7126978590865646 -0.09010954053251752 0.9753530109827577 -0.20141195265397538 -0.6904314468683139 -0.09027004255569766 0.19340358459153817 0.9769577129457221 0.12396039217731529
0.9424256762270228 0.24386945434019563 0.2288264277303959 -0.6336440255241872 -0.2026782654928157 0.9607902400322039 -0.18921848576627784 0.6128451256202915 -0.26599880729969916 0.13194621593162387 0.9549004296870238 0.472139916678258
0.9957055239181936 0.05957573467991323 0.07086071885145015 -0.6824330863923658 -0.05742733647598974 0.9978373291591666 -0.0319807060862399 0.6659661136067351 -0.07261274450169972 0.02777402336446058 0.9969734163768266 0.30128760034978397
0.9975955781938299 0.0683892778553169 -0.011223593121039599 -0.7058569608478981 -0.06605065752157158 0.9872500297243225 0.14482641143898045 0.6442640998991306 0.02098506633504893 -0.143736861951808 0.9893934209944805 0.29443118109964506
0.9941652619432206 0.09077435126709821 0.05827048221359854 -0.6434839207939539 -0.09120961219872392 0.995819913032419 0.00484844827389419 0.5752311011201144 -0.057586791783587055 -0.010134986933569234 0.9982890580648115 0.5050124988391685
0.9943708290747717 0.10333227079165686 0.023432799623405165 -0.6652246386670583 -0.10364588912304101 0.9945346247221141 0.012586099345609641 0.6341033192772221 -0.022004180353860592 -0.014943963392721277 0.9996461844097999 0.3941943183150811
0.9740147670383661 0.10805848195368045 -0.19904421134276518 -0.6177033386872929 -0.034843864037153116 0.9398743261325891 0.33973836435670823 0.6845217164830557 0.22378815592018617 -0.32397471437548525 0.9192166478666306 -0.38713383349645714
0.991573544527091 -0.048383482439359915 -0.12017048065569672 0.7086887632617395 0.07179847711207671 0.9773821077401335 0.19892006976129997 -0.7046603083911374 0.10782803196927762 -0.20587193615569394 0.9726201012857685 -0.03484374556005058
0.9995160420152953 -0.012559014361506915 -0.028459671683728704 0.709241568763806 0.01574870380783766 0.9932659302001261 0.11478140194321879 -0.6950608510147975 0.026826480992690208 -0.11517405550706826 0.992983019419569 -0.11775742237345754
0.9979541163895045 0.007071400520850479 -0.06354193006131896 0.7079702999897213 0.0016301002308707346 0.9907271638273293 0.13585665102560596 -0.6965574841928445 0.06391341294658841 -0.13568228384475867 0.9886887242687605 -0.11655782061877935
0.9878348947485194 -0.0015349083749231496 -0.15549876132452822 -0.683735545224352 0.0445478623065686 0.9608357844413036 0.27351432010221993 0.7075983133849355 0.14898895489631747 -0.2771141270187166 0.9492154928811251 -0.17835450959129856
0.9892888819360857 -0.07687033887954525 -0.1240905277537081 0.7065473571101953 0.106598505117179 0.9612066345775394 0.2543984362194517 -0.7076335281214242 0.09972094456247696 -0.2649014092915771 0.9591053000431722 0.006754408858215961
0.9954100759673667 -0.024065466335451258 -0.09262631371645469 0.7075350791145494 0.041097837245657964 0.9815694016501275 0.18663460964660405 -0.6837316861282159 0.0864277064162371 -0.18958471213224998 0.9780531112824908 -0.1786199686670979
0.9979228971197205 0.06017166043663327 0.023005709823484488 0.6640097730376344 -0.05966858331435526 0.9979766063171399 -0.021962545594333277 -0.2672052681955794 -0.02428068305138431 0.020544209014311837 0.9994940639676329 0.6983497447261205
0.9561803448145396 0.1579583048178438 -0.24651231638484372 -0.6243613332475288 -0.13110874718751508 0.9838481993138974 0.12187377534860513 0.398689756437928 0.2617816735397427 -0.08421338756916966 0.9614460259176574 -0.6717286681814569
0.9527363916937601 0.17895311467254144 -0.24549776107197083 -0.5477604807662603 -0.07177177603174095 0.9178050681534542 0.390490293140666 0.6414220009101237 0.29519854353909647 -0.3544145025543253 0.8872700717772276 -0.5371557245894051
0.9873201024235697 0.13870444902089868 -0.07720162674530193 0.6916810434089185 -0.12903068100675635 0.9845138170316311 0.11867445990077669 -0.6761235509963085 0.09246674380145856 -0.10720830143052101 0.9899274121849224 -0.2538390789001804
0.9636197671881663 0.2643585356069721 -0.03938919821422249 0.7124780649448451 -0.25416107545132877 0.9519264134035312 0.1709919623552948 -0.6870011690738478 0.0826988029517136 -0.15476003397656402 0.9844847585787836 -0.14284397314418212
0.9977338378745353 0.06530880814799983 0.0161848181466141 -0.6247746897779297 -0.06544678051473224 0.9978228068346275 0.008146476595557561 0.4883728647331931 -0.015617543994100813 -0.009187259599753195 0.9998358298143946 0.6092196090123708
0.9847911224728716 -0.04358892625060713 0.16818576220043302 -0.7236631963619317 0.025035119058887362 0.9935161061238562 0.11090081012417963 0.25695519397119115 -0.1719293108004828 -0.10500358270464316 0.9794970953029207 0.6405354061427517
0.9954088054182012 0.06847236139464896 -0.06687933777295813 0.7142535906015072 -0.05269936211162274 0.9753598591028821 0.21423333653713542 -0.6936643814724273 0.07990048390927847 -0.20972525116410298 0.9744902419702397 -0.09312107274580518
0.9866466813984793 0.14639268085861618 -0.07139684220184533 0.7069399139098277 -0.12357209867480545 0.9583736112529584 0.25739067132098553 -0.7072723479291471 0.1061049598957182 -0.24513099405214112 0.9636661938869376 0.0013356556280816538
0.9935782342693917 0.11273685434475572 0.0096277753695872 -0.7118155179172175 -0.11279957645615812 0.9802680037194048 0.16232959198890579 0.6074002594316074 0.008862727426092898 -0.16237315836191243 0.9866896216673957 0.3526805825313597
0.9728843250746325 0.17416716165682672 -0.15219030791900562 -0.650963208401127 -0.14763499138133873 0.9741394404258608 0.17104461384861833 0.6657460589523887 0.17804493630516133 -0.14393800890381842 0.9734381594374117 -0.36473152632789174
0.8848797533098183 0.33214606048599793 -0.32659886204025124 -0.5379617855505707 -0.20884670141450168 0.9095932915442423 0.35919785534715065 0.5851515723920162 0.4163782865263716 -0.24963781460616624 0.874248296554257 -0.606790536029026
0.9760527248524473 0.16061440821069456 -0.14671090683122762 -0.5751429589670906 -0.14597972742406595 0.9836292017063168 0.10565752567512224 0.5539489495930232 0.16127925312732627 -0.08171049764701022 0.9835204101008628 -0.6019560930793588
0.9897235923978012 0.11683163524330076 -0.0824474357246309 -0.6267654093033327 -0.10899651067968319 0.9895991714736363 0.093878860657479 0.6461425150183847 0.09255793488861186 -0.08392764041166051 0.9921638876032963 -0.4355054213055702
0.9962090336527869 0.04341482497293214 -0.0753837796953 -0.6848196256237286 -0.03397309016781641 0.991911663344182 0.1222991466291871 0.6995596675848647 0.08008364635198141 -0.11927449473524374 0.9896262953724616 -0.20405477658984075
0.9872545506100764 0.07579829721414971 -0.1399395242207557 -0.6239942015146952 -0.04997147750911424 0.9824675235858296 0.1796118496499691 0.6512318935539291 0.15110031017589645 -0.1703296311231913 0.9737332863911894 -0.43188917246696734
0.9952806883829541 0.08661801708600375 -0.0437455191767272 -0.6953079817812883 -0.08322960847406141 0.9937713745520786 0.07410322121289295 0.7017710893330017 0.04989171880389677 -0.0701125825865889 0.9962906414083352 -0.15512623455626004
0.9750892231069528 0.17179626700957307 -0.14031054708130158 -0.6688889868427536 -0.16052880467652347 0.9830913925006348 0.08810117400062822 0.6449622198733217 0.15307354392515143 -0.06338262090461252 0.9861800715475126 -0.36960960244094254
0.9273907129249239 0.24928789956794056 -0.2789301143828063 -0.6435844211752297 -0.1851625586661631 0.9537581963956183 0.2367702043678161 0.6274721679158616 0.32505582974129377 -0.16793107495988308 0.9306652790418353 -0.43826678098107497
0.9787301216060958 0.15309522883748644 -0.13656207368122042 0.7051955065267558 -0.11274309586616788 0.957518093242274 0.26542060102447174 -0.7087286862938167 0.17139528405247784 -0.24437870615271973 0.9544122299005252 0.020073534783722355
0.9932171902383781 0.09984560195107661 -0.0595858102739979 0.699493896392605 -0.0897320592147337 0.9840975006264954 0.15329796740259924 -0.6367477155123017 0.07394437479663452 -0.14691141899699944 0.9863819059594632 -0.3244389552741112
0.9642220526681238 0.1840499602913782 -0.19079162786980974 0.6790032682934513 -0.095266761024416 0.9122024979912653 0.398510786431701 -0.7186017535693147 0.24738649395710072 -0.3660767880858306 0.89709960864576 0.15022010988518616
0.9968860417235487 0.053035957901975656 -0.058355865053777045 0.6953849206760362 -0.043567949915883974 0.9872657172902145 0.15299750718088495 -0.42565663211986543 0.06572711432036094 -0.14997863392116137 0.9865020809964165 -0.5790131636057649
0.9906091405053224 0.08989397364016055 0.10301749487581308 -0.649927423932995 -0.08665380542251805 0.9956051794503665 -0.0355168221748465 0.3202750507625607 -0.10575749974872933 0.02625643073202119 0.9940452459984461 0.6892156668843652
0.9994555678297403 0.03135414307974471 -0.010270620520017898 -0.7058878557922176 -0.030123695285035945 0.9941643788170577 0.10358451078065764 0.6673085994645866 0.013458488641211436 -0.10321872699771473 0.9945676263987608 0.23753224649650695
0.9871234540847278 0.12201588534431124 0.10343795299347414 -0.556920878370082 -0.10927370957965812 0.9866189568184471 -0.12100533228407584 0.5247960388652226 -0.11681841802788095 0.10814415273200384 0.9872478409393155 0.6437610215187526
0.9868359577102233 0.08796097847549442 0.1357116753849123 -0.5348541704514997 -0.06914657463540197 0.9880699656908409 -0.13760993465550062 0.42214835713634336 -0.14619693494166347 0.12641443416530396 0.9811451712403874 0.7319301748921986
0.9157006093344111 0.29344226913689125 0.274561520880805 -0.43411122789304146 -0.20448736408847568 0.928401409139921 -0.3102510941723756 0.5226595573731525 -0.3459440879574843 0.2279527542952731 0.9101429721842955 0.733740028146002
0.9498667393423748 0.28083913520857445 0.1374138189061959 -0.5686686586697863 -0.23371551665365553 0.9297267929934068 -0.28457889532695446 0.6573681208471368 -0.20767820002686765 0.2381962857088558 0.9487530209217281 0.49445233373967445
0.9981478999547042 0.03552883681166863 0.0493808826452482 -0.47453968451512896 -0.029291765794581648 0.9921295485523512 -0.12174132965407708 0.5698527500825133 -0.05331756064046195 0.12006939928273574 0.9913327277373796 0.6708799676869763
0.965406608922619 0.007576391762714602 -0.26063897969487915 0.6648373022719604 0.019444723118940813 0.9947027023641465 0.10093778604810238 -0.25787091906508486 0.2600230416546917 -0.10251405853502552 0.9601452419354688 -0.7010662954444967
0.9971104198310534 -0.02239781272095176 -0.07258890169756038 0.7066905606223775 0.02195408575549064 0.9997351338735263 -0.006905086351616522 0.03236104098338219 0.07272433418726826 0.0052915105782649074 0.997338042557697 -0.7067822964348368
0.9958877866559763 0.06447546991844377 -0.06364298993806128 0.6975818413257524 -0.06657225970853664 0.9972876450160262 -0.031392472595954804 -0.08675771947147419 0.06144632313458165 0.03550023770602807 0.9974788631826021 -0.7112332056116908
0.9957735675257999 -0.008310000761245693 -0.09146554599568629 0.7071219979869157 0.010820484073370988 0.9995772544660733 0.02698572731065562 -0.06523277184848428 0.09120262793011374 -0.027861375440118456 0.995442526928213 -0.7040761077042426
0.9967927171321751 0.07401128761618969 -0.030440242733084655 0.6922094640505442 -0.07433920968363696 0.9971850127541841 -0.009784285464435896 -0.13645689647551337 0.02963040627240443 0.012015808080647533 0.9994886989757821 -0.7086787518213943
0.99478445356851 0.06268143918411159 -0.08046693805662969 0.694144628807357 -0.06353849732054435 0.997946251485277 -0.008132558314010635 -0.11360451093224348 0.07979191874274061 0.013202890906620635 0.996724100930172 -0.7108144971747147
0.9919804940476213 0.0046487489219705705 -0.12630553654728632 0.7052225288346688 -0.0026298066616823254 0.9998661761292444 0.016146638956930415 -0.06532279499375097 0.12636369552193177 -0.015684991748284874 0.991859968689077 -0.7059703373926126
0.9982791796101261 0.050428613338739436 0.029927153450733712 -0.7147189109039078 -0.05458705546678316 0.9855915617445312 0.16009224463865368 0.5443634177096212 -0.021422720004663498 -0.1614503898251963 0.9866482852024292 0.4391416034217577
0.9879732809867212 0.1543662942501613 -0.008935505347006656 -0.7044124722476207 -0.15175556569117482 0.9791012880037833 0.1353917135983013 0.623641019689659 0.02964868189456782 -0.1324073828334568 0.9907518562350057 0.3389320691561031
0.9952386671178739 0.094121042197188 -0.025322418706602068 0.6875286765448146 -0.09398807267755147 0.995552792997919 0.006393633427233036 -0.1852580595246158 0.025811580110418453 -0.003983185880392481 0.999658890103242 -0.702128029856172
0.9978743814531095 0.056786951082388834 -0.031968125161483674 0.6923831087528548 -0.054907654550804236 0.9968701393078443 0.056877718203959315 -0.22913697577965697 0.0350979815844652 -0.05500152309823676 0.9978692119439152 -0.6841797110732568
0.9893372926389142 0.144864882537424 0.015029544281909335 -0.6945682551890349 -0.14561253658525525 0.9817621213355092 0.12222980937565281 0.4523159380389366 0.0029513697008629602 -0.12311499875408821 0.9923880221459094 0.5594508299034122
0.9931986748556676 0.09728558205614085 0.06396802161192716 -0.6864167367318064 -0.1010877622124629 0.9931170746619482 0.059158603311532054 0.3378019958493675 -0.057772455338358675 -0.06522263057323396 0.9961969443163762 0.6439890333962542
0.996807896739879 0.07287103162910427 0.03261640302560076 0.6298516701054315 -0.07138415029978878 0.9964494575792663 -0.044640582164250764 -0.3513821272420366 -0.03575360237787922 0.04216979060057244 0.9984705246914943 0.6926885839396084
0.9877288293245874 0.12559474325698888 -0.09283167663729347 -0.5828031333393705 -0.12176793233714875 0.9915004291761507 0.045819969422125406 0.5126001680708808 0.09779739452263275 -0.033953783437490226 0.9946269703838041 -0.6305407008778391
0.9951792946729012 0.07805158240777282 -0.05938115810582695 -0.6834468113767672 -0.07978546328999292 0.9964351967370948 -0.027407636729729706 0.6436124510868204 0.05703026654284346 0.032013265799513246 0.9978590579389968 -0.3444756432970908
0.9950613997748898 0.07825518088362637 -0.061065025529405126 -0.6153549974009763 -0.07797418498425696 0.9969309803140534 0.0069747377084328765 0.5619464470116248 0.06142342512492177 -0.0021787966705175688 0.9981094207004518 -0.5527697693114697
0.9974786704635252 -0.06428501054456809 0.03006225855793615 -0.6896182824821381 0.060662093622395385 0.9921980640224206 0.1089179147225473 0.4767958991146179 -0.036829504037756866 -0.10681965722396447 0.9935960690657383 0.5450617350849984
0.9870396492516408 0.12631717650208996 -0.09897828916352293 -0.6788855914866668 -0.10571242128600478 0.9758441397773105 0.19118864727836488 0.7052806778354599 0.12073779354886499 -0.1782475407483106 0.976550152028113 -0.20418990950522728
0.9586802053869289 0.1991035413139608 -0.20319951681909926 -0.6007323753497118 -0.12714885792515163 0.9388356959367796 0.3200323483075303 0.673338538064389 0.2544905336699286 -0.28097209091143316 0.9253589856921759 -0.4309707952564816
0.9922130725913676 -0.10370123018452748 0.0689874875395037 -0.6359995052168445 0.10956817732500723 0.9901177301812392 -0.0875311081754763 0.6305738912011196 -0.059228650976308056 0.09440834305805179 0.9937701100679975 0.44483839436295036
0.9917729835245092 0.1225695254854326 -0.03691965023086363 -0.6908100616607399 -0.12554135896114954 0.9876801176766872 -0.09342029938055846 0.6170685768109229 0.025014322718819648 0.09728667210076239 0.9949420018727109 -0.3768392631093888
0.9848034346181145 0.15744946873921073 -0.07329297345657115 -0.6889689849222549 -0.16233790948024213 0.9845034141660596 -0.06632820396299718 0.5972442725367302 0.0617138421259768 0.077218471165341 0.9951023612678938 -0.41063489469024655
0.9972217616730408 0.06820602638486328 0.02994488287677627 0.6277824272385729 -0.06545533422560201 0.9942439580273598 -0.08482069999419184 -0.5251124615135542 -0.03555780177585832 0.08262499555750255 0.9959461596100423 0.5745834376429778
0.9956354354110426 0.025269025343236662 0.08984183942944629 0.6538663366444263 -0.01346413404245489 0.9914682954547903 -0.12965082414878576 -0.41684432649250563 -0.09235148536082327 0.127875312184078 0.987481193585718 0.6314266554986472
0.9618454803698828 0.0484263270348359 0.26927339776135417 0.7175445715171451 0.06792914965000979 0.9111220394917312 -0.40650001202983266 -0.6295535376489099 -0.26502622987141466 0.4092817122744956 0.873069056534362 0.2979800851064031
0.9942076126160018 0.07741947445394509 -0.0745482930164415 -0.6191240044105745 -0.07964285535814064 0.9964488926166547 -0.027324347996704246 0.47595763310193 0.07216812736099315 0.033103313705996895 0.996842982628102 -0.6246197232353644
0.9962391452369739 0.04436850590973404 0.07442446627851174 0.6566939807602536 -0.035470081938083625 0.9925111391331525 -0.1168910261051615 -0.3597126676064301 -0.07905339198800443 0.11381157401578212 0.9903522034282757 0.6628422228530085
0.997691565603976 0.033889995665669276 0.058847328881334704 0.6636470528377095 -0.02789493166583812 0.9946099028269909 -0.09986497877555425 -0.33386620690504554 -0.06191455975814769 0.09799290480572864 0.9932592702299284 0.6694071594677338
0.9547373474775775 0.20895072881542182 -0.2116983473222759 -0.6460791082068761 -0.18909841465818528 0.9757471695796499 0.11026899215583003 0.5955578237345839 0.22960484948110332 -0.0652461032154826 0.9710945160538978 -0.4773810475156445
0.9958512548477207 0.06619405841331896 0.062438968993681065 0.6375776120447216 -0.06175172246667973 0.9955930299429979 -0.07057792502843199 -0.3659649819898867 -0.066835641618959 0.06642940131970915 0.9955501653104613 0.6779118088486821
0.9685913859670996 0.15868450212242996 -0.19144178179407456 -0.5812788727233128 -0.13421165461445628 0.9817513594803333 0.13472750247877077 0.5421841158092827 0.2093273961907121 -0.10480218005687633 0.9722132195456625 -0.6067546923507233
0.9867598832411533 0.16111754207275286 -0.018602969180773754 -0.7224037116630426 -0.15270518738937428 0.9615796358155517 0.2281353320492182 0.6617511481910076 0.05464484028965755 -0.22227402372131927 0.9734516936183591 0.2005449955579624
0.9547758309361081 0.20803005501663063 0.2124302447158644 -0.6557052829960377 -0.19572153215512095 0.9775802119459633 -0.07765314586375519 0.5267720706273183 -0.2238217918593191 0.0325641738949935 0.9740859202695727 0.5408897923404486
0.9935695478680378 0.02039442953445461 0.11137154391165988 -0.6868471300027953 -0.021083665984856226 0.9997651404027778 0.005014285996328943 0.21364443228425203 -0.11124312373329709 -0.0073301623023046825 0.9937661878644695 0.6946920731956446
0.9944457203744489 0.10507881349845438 0.006012668517400399 0.6789036682569841 -0.10428791378079438 0.9914491197483029 -0.07843898258879264 -0.692370861982345 -0.014203530131371267 0.07737626189001565 0.9969007843450295 -0.24436120540101214
0.986377385701343 0.09823445329753328 0.13194561441108582 -0.6515775080290833 -0.09572588937455648 0.9950877328760265 -0.025238026529418256 0.4020653090245564 -0.13377670604568753 0.012263607339775356 0.9909356169068613 0.6432652938792809
0.9962086280998862 -0.057316068940542086 -0.0654464478833337 0.6729433435475082 0.06564060026245938 0.988927872603109 0.1330900987522091 -0.5288253985553143 0.057093615199310443 -0.1368814488157245 0.9889407404256239 -0.5171952766778843
0.9976954749018969 -0.05836748672747938 0.03459733881956162 -0.6798589757913266 0.05725969748858817 0.9978402356949555 0.03218992189724659 0.2828203124060266 -0.036401461561225645 -0.030134706259610122 0.9988827924610841 0.6766124769220012
0.9996932362519652 0.007608112015755827 -0.023570108689362157 0.689259371556258 -0.008431924495512833 0.9993499302400927 -0.03505167012318207 -0.13335870897909305 0.023288109441829075 0.03523965891829996 0.9991075169359638 -0.7121355021772905
0.989710146084726 -0.08469055420217542 0.11533142141618868 0.3796733875168575 0.13154440656656632 0.8556926825885676 -0.5004858659996614 -0.6827279309034148 -0.056301828016504046 0.5105071429405367 0.8580282985826811 -0.6242841429796342
0.970541533658196 -0.019364805256169737 0.24015439983849418 -0.6693855817876714 0.034941476779975944 0.9975398196319368 -0.06077336134456929 0.3584050328892744 -0.23838671239150677 0.0673744207104878 0.9688304613239076 0.6507447850689383
0.9510843698255157 0.16194842749773505 0.26308026969845694 -0.6299669938938441 -0.13171827700994898 0.982876305893845 -0.1288583051805337 0.3713068591001033 -0.27944376352878675 0.08790264013941834 0.9561298598419503 0.6821090843769563
0.9061754094178975 0.16254074622171788 0.3904185359124141 -0.6269880462614837 -0.08931319337961058 0.975921062155831 -0.19900058776036555 0.350986748944807 -0.413363376286098 0.14545991289122165 0.8988727011579762 0.6954813382905126
0.9033560386871176 0.11037653410141524 0.4144452775545623 -0.7000046916363892 -0.07682664234600772 0.9923319667538565 -0.09682424688197103 0.49387897416467774 -0.4219544221753786 0.0556263290014849 0.9049089330581619 0.5158265120804565
0.9917814995768941 0.124894212974825 0.027764953852040697 -0.7364771878290344 -0.12744386168599486 0.9452147826904074 0.3005446334608001 0.6454380218866206 0.011292440638228207 -0.30161308020197786 0.9533635354026855 0.20251200386772966
0.9416936735997381 0.2731236197675807 0.1965108481160352 -0.7153130141301632 -0.2776847347198117 0.9606616916349748 -0.00450581053927733 0.6663571329541554 -0.19001108706024838 -0.050324969449390064 0.980491297383154 0.21046487397458716
0.9621230075853959 0.12884027013137828 -0.24024883572518088 -0.4602151419082583 -0.027953158170500703 0.9232521270953651 0.3831763703076926 0.6113728772310739 0.2711787956738625 -0.36194708813078824 0.8918836057303196 -0.6437586722868748
0.9981732740503566 0.05964099883145202 -0.009647084014258178 0.51794529510693 -0.059739773517590744 0.9981608770002582 -0.010296751242139579 -0.5739802988416008 0.009015233311366944 0.010854256513565474 0.9999004503868769 -0.6342549076028517
0.9932366705271234 0.05339264109212499 -0.10310258094442526 0.5877066915129537 -0.04601180747746861 0.9962929695315598 0.07268584755399579 -0.4050477357544833 0.10660126590641666 -0.06745031311412769 0.9920114038497521 -0.7003835924056647
0.9677642447275837 0.23628651742124612 0.0871839911439507 -0.5325419119822806 -0.22309246355887874 0.9648856582193485 -0.13865575814168235 0.5987313347719945 -0.11688506889282135 0.11473599368791657 0.9864955815523793 0.5982640727508236
0.9829308345105576 0.05778435709174584 -0.17466523020874003 0.6512250386860294 -0.039538753356290035 0.9935590708727606 0.1061935010699196 -0.31940998069994037 0.1796765470266195 -0.09747482116911088 0.9788845681113991 -0.68839175853408
0.968164897583495 0.028824115829789818 -0.24864814785912093 0.6536934343936583 8.554825666545751e-05 0.9933097032744462 0.11548084716665022 -0.2893049220225302 0.250313251284538 -0.11182577398552776 0.9616851212865369 -0.6992764517157444
0.9619502549665333 0.024045773465301137 -0.2721644865669967 0.6472857172539928 0.009638572688225933 0.992513298450326 0.12175569931542357 -0.29402945234701067 0.2730545822474976 -0.11974620318703008 0.9545166535665761 -0.7032552036007277
0.8569161286745045 0.39121064821547025 0.33563220515965403 -0.6510580800795649 -0.32811069177498464 0.9161692209998222 -0.23016805259531678 0.5779964844683989 -0.39754008899787896 0.08711020155763075 0.9134405784856219 0.49197910555762714
0.9846808264536482 0.1618003356596358 0.0649947797518362 -0.6395662007799764 -0.16128589656533784 0.9868205074396385 -0.013120429325664845 0.34815317132251866 -0.06626107140452586 0.0024366938674807714 0.9977993450285085 0.685379051414573
0.9540247645386826 0.26419009931644677 -0.14156390807715474 -0.6649087713558505 -0.2637535752494736 0.9643349862525308 0.022183007741310434 0.5760207395026199 0.14237556036775184 0.016174848144473813 0.9896805414362112 -0.4754959867726625
0.9797534355314748 0.19245090984729693 0.055189245901894946 -0.6061995599914443 -0.19201245864491095 0.9813038453512353 -0.013190103260219244 0.41299915811278975 -0.056695866598973466 0.0023260261878333133 0.9983887861513492 0.6796718243860829
0.9946217505574043 0.09249175607967233 -0.046613821720846604 0.5824300413506545 -0.08890288280309475 0.9932921320077877 0.0739392853679478 -0.5154517864012921 0.05313991670508805 -0.06939751831817892 0.9961727429034855 -0.6285576368384937
0.9596101145078078 0.18984040441818306 0.20762718748914444 -0.6476104347037108 -0.18183620062514116 0.981666082816804 -0.05716028332089196 0.4777850764492859 -0.2146718991310348 0.01709744710335001 0.9765365600048073 0.5935673050170646
0.9423358472639694 0.29631184250884013 0.15557134360258446 -0.6291731589860154 -0.27946444206473364 0.9524591836483034 -0.12133066020365466 0.612075882026424 -0.18412706640454618 0.07085757174095045 0.9803450555514786 0.4790660190966724
0.9623309076107697 0.25092551785377865 0.10466904388043924 -0.6480744473934681 -0.24201470730787722 0.9660178886053243 -0.09076519344547113 0.6452711217530388 -0.12388747194012328 0.0620147029689275 0.9903565372692608 0.40450548830297206
0.9663875858781543 0.2528053286859392 -0.04673863122286307 0.6988235559526169 -0.25591407951497597 0.9633034298656928 -0.08095977961305195 -0.7115706930453493 0.024556420068792974 0.09019959976067368 0.9956209190431965 -0.07288886365351721
0.9950191208286239 0.07153756642626516 -0.06942136396845566 0.6850269890746271 -0.06684434211629119 0.9954622939308952 0.06772484986236324 -0.24376963847082825 0.07395122116958824 -0.06274709516501209 0.9952858980895287 -0.6865234064466794
0.9547009407167725 -0.05755067940616111 -0.29194868229604853 0.7273128120721417 0.12921082314626012 0.9639733625486865 0.2325078912175768 -0.29005497567238103 0.2680497658577147 -0.25969843202543197 0.9277424467098379 -0.6220001482985417
0.9830877406513403 0.029049536770501053 -0.18081653296770678 0.6891391378303955 -0.004490448845472533 0.9908659453530704 0.13477579236914955 -0.2857398336601051 0.1830801192107126 -0.1316844818229742 0.9742386089643573 -0.6659129043428086
0.9810894700248864 -0.08332890215357275 -0.17469901508642688 0.713732088059908 0.09949605349485477 0.9913221796636498 0.08591199826485023 -0.056801898053007255 0.16602405592333996 -0.10166921939697846 0.9808666487764649 -0.6981117753277188
0.9841797689564014 0.0042661214945765025 -0.1771213781120678 0.698554876354958 0.013249953213650675 0.9951382538839052 0.09759249149770266 -0.2030214829620121 0.17667660036564148 -0.09839540570721082 0.9793384108769312 -0.6861511219670305
0.9857217321060447 0.08760411340409192 0.1437991174122517 -0.7112132750627317 -0.10137559012706715 0.9906402536155486 0.09140501979054741 0.30348596692902957 -0.1344457384235309 -0.10467763481854395 0.9853765453817882 0.6340914328799082
0.9921205176510652 0.07686074873988619 -0.09894091044116177 0.7021907175533145 -0.05133479863421403 0.9697624948792126 0.23859053203098646 -0.552200061726799 0.11428743108919104 -0.23163145043104222 0.9660668994775904 -0.44944775893409533
0.9623564022058113 0.14359719670810328 -0.23075961568493944 0.7095731782126892 -0.039985918437242474 0.9145989159608927 0.4023803539561674 -0.7041977689258392 0.2688331851915178 -0.3780061745801707 0.8859119880208466 -0.02472664556735555
0.7925664752022488 0.5001721351193722 -0.3488068486076655 -0.4915806136821271 -0.03037459692557609 0.6036881210178677 0.7966417239911081 0.7105944822601298 0.6090285430479359 -0.6207966557513371 0.4936554931942559 -0.5033924731592254
0.9539954432403612 0.275795998898031 -0.11759787952367316 -0.6852469830455927 -0.26887950935805005 0.9605225052548737 0.0714165691298264 0.6593396933744297 0.13265181387377015 -0.03651142137384218 0.9904899860095814 -0.30936667720978955
