0.9976248931464194 0.02317119310090046 -0.06486654287747778 0.6766469583627515 -0.02029978231541002 0.998799510981531 0.04458088941465066 -0.24180001245108032 0.0658216637023239 -0.04315822833869723 0.9968976255935826 -0.6954722479848455
0.9983065417859416 0.05737361236027927 -0.009608185683380677 0.6929004854943541 -0.05759792122399973 0.9980274836192544 -0.024972413004991353 -0.12476293267035685 0.008156475836281651 0.025483534789160184 0.9996419665843274 -0.7101571148930217
0.9946783512486168 0.01808350876754277 0.10142960252305683 -0.7047068643408128 -0.015148669605971707 0.9994461137679821 -0.02963078607202984 0.05281355360891986 -0.10190925064242318 0.02793657789944032 0.9944013537042125 0.7075301858621559
0.8162202376494321 0.5633250350556139 -0.12825532554672409 -0.6940131493692256 -0.5012994009949283 0.8009087540094257 0.3274814167448211 0.7162535464971356 0.2871992935465385 -0.20300264193024808 0.9361124361719101 -0.07298359838268063
0.9084233573855296 0.2865142162848855 -0.30442832920584184 -0.5701176435108392 -0.248387661205453 0.9556516254775298 0.15821991177800676 0.38777858323824566 0.3362596816707106 -0.06811442276649647 0.9393028541923523 -0.724288370015277
0.8560257592049998 0.3323836213358867 -0.39590532687139446 -0.5391863363435295 -0.23128568392910503 0.9312063844098041 0.28171191320898414 0.49378898860190346 0.4623059938903562 -0.14958542008518738 0.8740122253784486 -0.6822393490820883
0.6159275471862614 0.5926926240458072 -0.5189881598059932 -0.46370685335994505 -0.22454916338408087 0.7635312961786602 0.6054730654449001 0.5966991483342936 0.7551231223056443 -0.25638918299614477 0.6033685913286704 -0.6549244845966191
0.5797381570263376 0.6672315003252367 -0.4676599130366419 -0.4110967668456762 -0.22195219812624584 0.6815692368150029 0.697280859607047 0.6386438262090942 0.7839903641210351 -0.3004421748043181 0.5432251913932364 -0.6504871340265233
0.5423800302391157 0.6572391680736731 -0.5233169008809497 -0.4593009061746509 -0.17333427891765796 0.6970376479368781 0.6957684565361673 0.634584320774444 0.8220578632614075 -0.28666215883588636 0.4919813778402977 -0.6215669050185845
0.8039407557809221 0.3564535440314596 -0.4760463550346878 -0.5800721990344889 -0.20077449037513317 0.916149699807066 0.34692842425784026 0.5285202593679451 0.5597935916112341 -0.18333193527270336 0.8080968607166843 -0.6198246359616018
0.9419693169500751 0.18988770605558436 -0.27683291894851725 -0.49975586161378766 -0.11329135334673857 0.9560836391053813 0.27031304868961614 0.5752956471876263 0.3160045493050264 -0.22326382179824472 0.9221140876781834 -0.6475175650973732
0.9578468386046131 0.25056977097698974 -0.14051414038340498 -0.6986905747453158 -0.23528713829801567 0.964889863972954 0.11673693911433819 0.6993988662316892 0.1648314178992547 -0.07875493809783099 0.983172550165294 -0.15057458841347693
0.9815646439072732 0.19113013275383622 -0.00034954926579133794 -0.7071663061633232 -0.19102553899189934 0.9809636250336944 -0.03492291244452628 0.7067522893740577 -0.006331925776774369 0.03434586895471833 0.9993899479190808 -0.020420991451187157
0.9912098800535436 0.0640219419714369 0.11577635609417364 -0.6362445182279032 -0.05789666740610694 0.9967775685799138 -0.055519858421847146 0.48750537320557036 -0.11895776388073881 0.04832876702463382 0.9917224312731728 0.5979393147474422
0.9831039592130797 0.07335020316469998 0.1677091323549925 -0.6576216034137187 -0.05250337294723434 0.9907001219538958 -0.12552555193943507 0.6035672415826345 -0.17535678261399165 0.11459937197137454 0.9778123453582672 0.450821928938577
0.9917530882841463 -0.00942635722323426 0.12781610097463217 -0.6929834929383535 0.016484120886382514 0.9983900474960665 -0.05427326062994092 0.6361701667698593 -0.12709872398045743 0.05593260990068616 0.9903117981283658 0.33920701264414926
0.9915327485776299 -0.06646240777037576 0.11155965602069201 -0.6221643251741639 0.07672478322380055 0.9929486420115439 -0.09036759356478966 0.56163715220636 -0.10476696109629052 0.09816181885435132 0.9896404100388452 0.5454129277365064
0.990611674260341 0.11631469303313809 0.07182898442641988 0.6397057578816809 -0.11451870051046925 0.9930078988147848 -0.02864926045886229 -0.2760760998718622 -0.07465907883517797 0.020154529913974262 0.9970054246950864 0.7173273523382234
0.961582514520005 0.05625305580013179 0.2686906427148734 0.7118307946172131 -0.07779635772316341 0.9944941107528482 0.07020819327479574 0.04475189940580078 -0.2632618363804256 -0.08841412438659757 0.9606644305451084 0.7009238099352884
0.9437765986332367 0.035510811771447506 0.328671133687781 0.6998315630509004 -0.03183300566439415 0.9993559099103029 -0.016565780323337005 -0.06731637813518251 -0.3290477041747125 0.005171805746858514 0.9442991373514367 0.7111288832500722
0.9465911682357415 0.06937574350180756 0.31488436993865876 0.6982237921945587 -0.07067378719300349 0.9974727096393259 -0.007308168620019706 -0.06561365499531072 -0.3145955753374361 -0.015336223079758158 0.9491019040333631 0.7128663158626631
0.9663397073359028 0.07871665319573641 0.24493113018892387 0.6495883612895696 -0.059250693069787794 0.9945434535930249 -0.08586427828852103 -0.24764269117653392 -0.25035360072647495 0.06846172233387783 0.9657308461359032 0.7188240802755395
0.9618565874368115 0.25499403091313266 -0.0990451886922517 -0.6901743141436187 -0.2619581951392328 0.9628897416829117 -0.06497114252659636 0.5834152253688037 0.07880234262892899 0.0884386202995493 0.9929596171223203 -0.4281192484626842
0.9764657557179819 0.1370945026880897 -0.16649241797395897 -0.6076721128864159 -0.12582883134082776 0.9890998855997837 0.07647562690096965 0.4131258581586975 0.1751620196090225 -0.05372628443508992 0.9830726083292567 -0.6782784299539524
0.9903335489066418 0.05129627658315136 0.12887262672375505 0.6469381341432914 -0.04063694882853716 0.9956348833538496 -0.08402271977788306 -0.301927607857269 -0.13262013534860484 0.07797352792884688 0.9880951516136727 0.7002219435327516
0.9767101614205457 0.07768613145449248 0.20000531382312514 0.6908859055040779 -0.07880292690920498 0.9968873646802953 -0.002383453653618778 -0.10070622207449723 -0.19956793151304147 -0.01343306072389193 0.9797919134138606 0.7159154436183733
0.9783437933329414 0.15701739211261811 -0.13486645476567782 -0.6492064209446734 -0.15369842536341802 0.9875067741761492 0.03474428006191779 0.26388424665999805 0.13863699393638135 -0.013263089020567567 0.9902544493118504 -0.7133695587624223
0.9820309043777915 0.183372919029528 0.04460577780430541 0.6228551129792704 -0.18219039681213275 0.9828264809847919 -0.029304736553804944 -0.2901335254209583 -0.049213434714257154 0.02065141258220575 0.9985747628505264 0.7265494103379251
0.9865683935076723 0.15835876776744282 -0.04006626514747563 -0.6272571880717343 -0.15908937559125866 0.9871387739389176 -0.01573567794388997 0.32087682337029527 0.037059081284810946 0.021898439614443266 0.9990731118575749 -0.7096382770370617
0.9897756688106986 0.14128882420175595 0.01953442054475535 0.6003465025315414 -0.13973432300249675 0.9879947982750357 -0.06588321149204285 -0.3911303038333203 -0.02860846737188183 0.06247997068786579 0.9976361104418159 0.697568034188351
0.9770433964539899 0.043407143580041316 0.20857138186211738 0.6903585489960898 -0.028532943314331732 0.9968646044790563 -0.07380265227372135 -0.14707686337528877 -0.21112099040946358 0.06615723862916609 0.9752185125321868 0.7083597038847566
0.9729087719092968 0.053879384750148945 0.2248233382922905 0.6831878482370299 -0.032277789326129624 0.9945959043166163 -0.09867690425236553 -0.1875419210370185 -0.22892502235046813 0.08874682538298448 0.9693901872446823 0.7057495248847154
0.9807241372210764 -0.11261360473696003 0.1596820049351917 0.723109612130743 0.13946500450543015 0.9758056942043277 -0.16838277725679265 -0.18896170082923197 -0.13685641815521576 0.18740710548577935 0.972701854435966 0.664383898408029
0.9784489252859183 -0.06517354093188107 0.19593394338202852 0.7101475292466262 0.08710641325480047 0.9905983461013205 -0.10548644212036104 -0.126008326641919 -0.18721691530605739 0.12028019896778003 0.9749269205225365 0.692684912728591
0.9801002587177776 0.01663985869797878 0.19780444374143052 0.6834644953178638 0.0009473831896466833 0.9960768869004394 -0.08848693602911904 -0.2027225294511882 -0.1985008446491789 0.08691346550012108 0.9762394502315106 0.7012701759613122
0.9885673893913742 0.12415770829293432 -0.08555337575671423 -0.6043691586103617 -0.12370995009649366 0.9922624830409897 0.010536270519136526 0.45840650844740544 0.08619956426250652 0.00016799040442555535 0.9962778763478479 -0.6516144512928349
0.9911233837241902 0.07451558806915509 -0.11009934318523226 -0.6616279093615354 -0.06241738418005616 0.9920231259149308 0.10951797935539404 0.6681162796811764 0.1173818912236077 -0.10167371727578989 0.98786838537737 -0.3403955733831863
0.9983621143412801 0.04617619038370502 -0.03377644282124924 -0.7057797410508354 -0.044866822798238004 0.9982489938343637 0.038547561799322935 0.706961835690181 0.03549727961408915 -0.036968983625857404 0.9986857550749737 -0.04560613993516361
0.9846716164879694 0.11578890205386166 -0.13044055291254533 -0.6688177049608661 -0.09718385414266717 0.9852356623284861 0.14094675650800115 0.6773719157371542 0.14483475472739998 -0.12610955490092807 0.9813864040151278 -0.30634974343298815
0.9888874718817893 0.12758969933378395 -0.07630489223606762 -0.6999778958783155 -0.1174657545537125 0.9851784073984597 0.12500120840600482 0.7071153187843824 0.09112279880672267 -0.11464891722013397 0.9892180049503143 -0.10009431163771258
0.9968019970168526 0.04699554061513511 -0.06463124558219072 -0.6899636600583229 -0.042803625663848044 0.9969810323088899 0.06478171691402959 0.6914713092984428 0.06748057774829334 -0.06180809314799686 0.9958042635217852 -0.21405040578335868
0.9946767259978582 0.02649284951404035 0.09958081985406556 -0.7029098150824122 -0.018889649096781536 0.9968880281743127 -0.07653391692400602 0.6964820773133553 -0.10129852869208861 0.0742454591699493 0.9920817606817803 0.1443277791767134
0.99818841368238 0.0598776070424743 -0.005879027565949463 -0.7119756153461069 -0.06013781174378069 0.9899883243389893 -0.12769714668366797 0.6870205326175194 -0.0018260309208127518 0.12781936413293438 0.9917957832960016 -0.14523605239220885
0.9922885160718716 0.07718707088789523 0.09698276630221281 -0.6925963631722477 -0.06378322183299379 0.988869334661403 -0.1344214996900301 0.6990086706106092 -0.10627888541232304 0.12719903715854403 0.9861669247452245 0.1780369515908558
0.9836506742189417 0.07040053181460354 0.1657561951446851 -0.6035487389412021 -0.05557687361440122 0.9941665053447087 -0.09243468380396189 0.44550079546187693 -0.17129670816414083 0.08171122793662167 0.9818251947272585 0.6612548381413323
0.980696613545815 0.09444749234806399 0.17121280141663617 -0.6460662672010742 -0.0725791395599037 0.9888833456808432 -0.12977672031533938 0.605375755409811 -0.18156657368721274 0.11484511232187558 0.9766494660292716 0.4648855484383986
0.9793228394162214 0.10309468934189803 0.174063957289404 -0.6304445667254888 -0.09045219618584138 0.992755700273609 -0.07908552193299445 0.4959594247820952 -0.18095628312636186 0.061705790682508505 0.9815534723046615 0.5971297156030037
0.9873283066225241 0.13870902071158553 0.07708840713837614 0.7069222448348881 -0.12959835019041127 0.9851362044426959 -0.11274274399783951 -0.7072014894114486 -0.09158101642711039 0.10132357213142337 0.9906293207656967 -0.011269122939766672
0.9954074757066845 0.06498921248823547 0.07028769143602193 0.6860465148997685 -0.05149095160536671 0.9824652764986549 -0.17919448199427135 -0.5741797738500413 -0.08070092446818833 0.17475234686429944 0.9812996372440985 0.44683080320787766
0.989124404849107 0.14646931472726182 0.013403416550508945 0.7032898972584716 -0.14569516991013048 0.9882073527842874 -0.04710780580678088 -0.6972240015465407 -0.02014520282246761 0.04464266733067675 0.9987998813860783 0.1387876510414303
0.9559355002591119 0.20661402025735198 0.20856165989331749 -0.6554062452726565 -0.15821903733276743 0.960996654114032 -0.2268307012005377 0.66537191065544 -0.2472934604267855 0.18383709477341728 0.9513410886824015 0.35738337142112236
0.9906758782043401 0.12188454411968636 0.060872508152660695 -0.6998460784211427 -0.11873269099266665 0.991512343206838 -0.05297000432438807 0.6975904475068377 -0.06681206802441779 0.04524854885211241 0.9967390412706221 0.15356768561698625
0.9858021194645807 0.1661600033080488 0.024187487670474517 -0.7003977831844316 -0.1671953296588638 0.9846491964186453 0.0501166811788214 0.6770043498338784 -0.015488802387657152 -0.05344916550129755 0.9984504412878044 0.22607090838128913
0.991526178549481 0.05693597680344581 -0.1167652850658099 0.7066952290835742 -0.039189650522107544 0.9880596015085068 0.14900468166740893 -0.6965442954779053 0.12385478813117169 -0.1431660518848245 0.9819182618959148 -0.12412855283013297
0.9933145691323516 -0.004648955223018447 -0.11534536819805533 0.7105198157996736 0.030209033094907245 0.9748377248226308 0.22085928683690884 -0.7013641817293956 0.1114162513679283 -0.2228672193885219 0.9684609550483424 -0.05700768319317422
0.9935077939520409 0.09211418598238169 -0.06676256508966888 0.7118884042408603 -0.0777163530830795 0.9781128944709279 0.19301640897387481 -0.6955776543589286 0.08308087517603073 -0.18657476359493855 0.978921562623624 -0.09688460488608244
0.9904032575433357 0.05382663489746875 -0.12729525059154118 -0.6884749164820784 -0.024152682940490666 0.9742771238502008 0.2240552026821872 0.7078345686750277 0.1360809882177697 -0.2188304807786028 0.9662272948576235 -0.15802693682923993
0.9969896524809119 -0.008064792151863287 -0.07711414898407205 0.7080396578303836 0.01964702129080137 0.9883930067160134 0.15064281871127297 -0.7058656639583417 0.07500418255263633 -0.15170439480260925 0.9855760494234753 -0.020820840138732262
0.9927123066029111 0.03953861100425832 -0.1138374918863812 0.7070560794524707 -0.012604782811925619 0.9735298406202513 0.2282121137717549 -0.7071571609936196 0.11984738532563873 -0.22511407699600247 0.9669334292332881 0.0006709431757721708
0.9987745283138341 -0.028863095149412432 0.040204021314712554 -0.698715705519491 0.028728242628348 0.9995795409528119 0.003928025464846982 0.6858698105106712 -0.040300492142958555 -0.0027682209018929926 0.9991837705277612 0.20341820442245487
0.9978390889074817 -0.053915449012222616 0.03755365502979516 -0.6661500917180713 0.054202385453817614 0.9985077312831395 -0.006664231307038193 0.6448848142832639 -0.03713830986195005 0.008685328180808222 0.9992723907999208 0.3746566849942028
0.9997226256077445 -0.004347916327223478 -0.02314665141156344 -0.714066090995135 0.008737568894109204 0.9811436056158065 0.1930825731365588 0.6628953178969972 0.0218706821516306 -0.19323126243655644 0.9809094517229388 0.22512089019272877
0.9976281680023469 -0.05930719685180985 0.03493844315166095 -0.6935290938882359 0.060188380188054225 0.9978805791977244 -0.02473274247535201 0.6907408154849969 -0.03339756426177537 0.026776968864950026 0.9990833782221513 0.20468151297487444
0.9923249143291168 0.025496885217828558 -0.12100071589002831 0.6993659956789987 0.0037896832294410654 0.9717820930431192 0.23584995641669093 -0.7100578650787658 0.12359976821471375 -0.23449834217947765 0.9642269571072701 0.0818842617827635
0.9924464623066814 0.08332891249211716 -0.09003505871511137 0.7108366767990331 -0.06154675968010209 0.9730647810544233 0.22216419208411342 -0.700089650307526 0.106122645216901 -0.21494470036357755 0.9708433241042446 -0.06771780009416165
0.9470916068517488 0.16187993701441677 -0.2771504541276839 -0.6374788126642015 -0.04301450519002581 0.919722092445868 0.3902063877107239 0.6815375824948247 0.3180679810578708 -0.3576397050932729 0.878024259782477 -0.35934285445984576
0.9604322886852776 0.16164390981181598 -0.2268062284671865 -0.6549222070152358 -0.07100231589444023 0.9295421162897978 0.3618150427789172 0.6975211047477871 0.2693111397406085 -0.3313950821364643 0.9042393541244373 -0.29075971383553006
0.9876506204533766 0.0882024207056295 -0.12948584826044712 0.7074502488898261 -0.06191434649185845 0.978932073137343 0.19457289092139807 -0.706713723941967 0.14391964986250663 -0.18415300476693644 0.9723038646527956 -0.008358094148820314
0.9922824398129856 0.12295944270654124 -0.016016712774019393 -0.7129026914066395 -0.1181285901090307 0.9766628512996567 0.17937477829973142 0.6222382367147148 0.03769875114166579 -0.1760984109539947 0.9836504225698461 0.3234027355408922
0.9904745772612127 0.09749515186630908 -0.09723583270475816 0.7186117979282047 -0.06704722940723112 0.9582765542099769 0.2778681606090693 -0.6839505742522796 0.12026961722744667 -0.2687019557316599 0.9556853447437315 -0.12573263640904744
0.9926065370751511 0.09478784502368709 -0.0758124461512869 0.718615009967396 -0.07489024167189423 0.9698214533698755 0.23202974008921207 -0.6439363331127197 0.0955181357544291 -0.224636624394393 0.9697497990320445 -0.2625613572994014
0.9737295085715341 0.22089436170941923 -0.05528584902147543 0.7315934934184107 -0.1940412239770068 0.9319885362184714 0.3061786598619459 -0.6474679104653862 0.11915891714236979 -0.2874074621897283 0.9503673516820317 -0.2134391372392425
0.9756647856955603 0.19134817281873706 -0.10707055016467776 0.7106455308920835 -0.15658460724217654 0.9498563484687331 0.270655090564463 -0.7027164162437988 0.1534909988515589 -0.2473030408882496 0.9567035691576443 -0.03424277682345266
0.9453238740009972 0.24123591859658555 -0.2194721048848992 -0.5730689976956691 -0.19250228091953042 0.955950436245276 0.22158888799586712 0.5872194731968531 0.26325965335486723 -0.16722438524727248 0.9501212343138883 -0.5716338112625
0.9843407168214702 0.1570503793114425 -0.08005330452595634 0.7046763654826746 -0.14406801986596918 0.9784317467741066 0.1480395979340285 -0.7085342262184181 0.10157636959102348 -0.13418828288156204 0.9857361441471068 0.037556227275849445
0.9818891533811849 0.16858089769039603 -0.0864532903149429 -0.6808803982161458 -0.16566706324988945 0.9853746427511769 0.03989031934125964 0.671073326456692 0.09191362590245672 -0.024845409171327854 0.9954569759746388 -0.29336406365363277
0.940982920014076 0.2805126702225135 -0.18937736423981055 -0.6449061485926252 -0.19522914890419046 0.9069289382833645 0.37331686316365936 0.7089225227577484 0.27647192201004417 -0.3143128103479784 0.9081688904555297 -0.28552568401847217
0.9460573562566621 0.21837202076691536 -0.23935149721451293 -0.5889818154455828 -0.12260893342210089 0.9250979453340982 0.3593895393354189 0.6631682511916229 0.299904198232952 -0.31065648566351156 0.9019700769967075 -0.46185310617757014
0.9445928752263344 0.23045352386740459 -0.23374232267337336 -0.5996460861700392 -0.14182403814144595 0.9287385207851424 0.34253569480432106 0.6627631722130459 0.2960240569225766 -0.29040649673676394 0.9099636390406914 -0.4485192848686156
0.9896001772551233 0.12030776581331265 -0.07885131997397112 -0.6672996769274381 -0.10656881971409954 0.9813691025595369 0.15986798055343296 0.6962134713736617 0.09661560868396056 -0.14980228979057092 0.983984094450784 -0.2645712445644318
0.9793282952151539 0.13654234019273437 -0.1492390013557851 -0.6797127697037421 -0.09782622923446238 0.9654837667009488 0.24139412816121758 0.7035830208635141 0.1770483523355889 -0.22180461124972023 0.9588829935730497 -0.20727152108825703
0.9805834469119423 0.1357571838256526 -0.14151357066381254 -0.6939322133570665 -0.09991674944265422 0.9668129079928273 0.23513707516949953 0.7092953537527117 0.16873869391194113 -0.2164319476837489 0.9616051503599131 -0.12392814212348367
0.9610751921226565 0.18845303162682114 -0.20203942673908926 -0.6663203163766738 -0.11702647331411337 0.9400949105487211 0.3201973824128692 0.7043022077605213 0.2502784042422763 -0.2840897992379396 0.925555890445783 -0.2448992366818336
0.9250481961412984 0.2617139920960637 -0.27530278087384313 -0.63431867779646 -0.1040285708895134 0.8716079579487215 0.4790382282022436 0.7103457938328439 0.36532710172448934 -0.4144940940249942 0.8335051018224082 -0.30503879783158394
0.9844517425909963 0.0904319170738484 -0.15058829597249387 0.7163738443724732 -0.04143439399552645 0.9526540971858631 0.30121979036778335 -0.6881627261237888 0.17069844024997496 -0.2902968127440198 0.9415889777428839 -0.11506770821077052
0.9938729761085104 0.10549819444941527 0.03296419768666525 -0.6717635851186773 -0.10745716754636231 0.99209975613273 0.06473817285257635 0.5092193447543855 -0.02587401213815066 -0.06788375983466458 0.9973576743809535 0.5379863796012088
0.9919786988535098 0.06779217047633113 -0.10668871844298106 0.7208871367115008 -0.037526444651699464 0.9639096836501477 0.2635714091423328 -0.6073873600150398 0.1207063667446775 -0.25745357520838585 0.9587218729327702 -0.3337698773374462
0.9934551618016871 0.10622745120813998 -0.0419829739228349 0.7155860601122491 -0.09604502676990473 0.9758220027418174 0.1963333181039743 -0.6256960463039782 0.06182389766386048 -0.1910160924497469 0.9796380240185033 -0.3105495905851407
0.9989234876280766 0.041552567497355614 -0.020621590611246687 0.5992224762613121 -0.041400241064104254 0.9991125099327487 0.00775967368625835 -0.43956397704683037 0.02092572351901406 -0.006897581479102077 0.9997572392660856 -0.6691157852166059
0.9833122382493147 0.0037269925313490604 0.18188774460032725 -0.5944841604054273 0.020720214635474743 0.9909901163944553 -0.1323225676669062 0.4581677611654137 -0.18074212241362653 0.13388315329112305 0.974375485349587 0.660810779009942
0.9424628956621215 0.15371477360350333 0.29687616724181987 -0.5446851867551952 -0.07713149479573017 0.9640457185057578 -0.2542962546741374 0.4532102892834849 -0.32529128917132955 0.21676628198763112 0.9204335696738322 0.7056333899533368
0.9017130730291776 0.3970724042110512 0.17101765915347106 -0.4997839908421995 -0.3467049305878689 0.9004525035414749 -0.26264230423134627 0.5705807672994554 -0.25828129052321647 0.17753533360980722 0.9496167544255505 0.6516544716993884
0.9147735127835194 0.37361000520742127 0.15363913667620976 -0.5942461737419941 -0.24420145701844376 0.8143996571929201 -0.5264207886796679 0.72568445498535 -0.3217997338404268 0.4440368930313845 0.8362273428483817 0.3467759460885591
0.8868371864398994 0.3217043695804248 0.3317018289672592 -0.42258089579970703 -0.029057923490919402 0.7552475230386678 -0.6547952474066631 0.6311236572673394 -0.4611674769861368 0.5710582085364141 0.6791296493552776 0.6504677668744357
0.9415037479560316 0.23537141545791107 -0.24118662767675747 0.7028795375542914 -0.17362041680956725 0.9521679075470169 0.2514601891043703 -0.708410530724982 0.2888367072441094 -0.19487578767736446 0.9373349368958289 0.06414729647783231
0.8505146635704683 0.3214190458158921 -0.4163107061299462 -0.6647045069814882 -0.272166515220317 0.9462840176831162 0.17456215474818407 0.5131884672992649 0.4500557688158681 -0.035161838181490684 0.8923079345670173 -0.5429599574826195
0.9949457448566708 0.02547942196814658 0.09712756481953722 -0.6880778569299785 -0.020744799540727152 0.9985612144547349 -0.04944850127860827 0.13592323873160211 -0.09824773831299788 0.047183684074631665 0.9940427968017906 0.7127929124053913
0.9968261432319224 0.03176046144593495 -0.07299940587505788 0.6987684543911888 -0.032587952340225955 0.9994171045955845 -0.010172335230894211 -0.09129775814656044 0.07263377679593208 0.012518950855395727 0.9972801062579355 -0.7094979679358929
0.9997228441887567 0.023006907551480785 -0.004991694307632244 0.6917139570082067 -0.023108197473100153 0.9995063850693968 -0.02128373592796283 -0.12319281916915298 0.004499557387948272 0.02139318607465157 0.9997610142293447 -0.7115864887595921
0.9932002624760027 0.045282427698693645 -0.10725082917773687 0.6955170561185099 -0.04468629601610309 0.9989693851655032 0.007956283706462494 -0.12487280001938549 0.10750057472386232 -0.0031095407649832513 0.9942001595203404 -0.7075753023272932
0.9991357219981345 -0.018629420047285267 -0.037158494802245035 0.7027556448960217 0.02283608875974108 0.9929625931980055 0.11620585854271673 -0.3065414757210728 0.034732147607424435 -0.11695397906097285 0.9925298205617712 -0.6420022018883764
0.9822236239762299 0.1269850374274218 -0.13824453975675738 0.733011945656034 -0.07503591572695761 0.9406685261785711 0.330926480064759 -0.6124956087662162 0.17206499892197216 -0.3146705008840054 0.9334752873104837 -0.2958760158709348
0.9827848774279545 0.16558496186485427 -0.0819481854779957 0.6961125754984603 -0.1490250924560944 0.9726562983481124 0.1781326671394116 -0.5758490516397673 0.10920350963853592 -0.1628537555230536 0.980588215202826 -0.4287483550504669
0.9931016171298838 0.021868519837869152 -0.11519959155357495 0.7021813475176047 -0.017194648960038125 0.9989942446369562 0.04141066564760651 -0.1331632706279503 0.11598931890976327 -0.03914418248395943 0.9924788213742961 -0.699434699277944
0.997556417490771 0.06981942079364525 -0.0025381889250566947 -0.6896937839778239 -0.06918468346309281 0.9922424092148883 0.10328833878781207 0.39391061253587795 0.009730030682943591 -0.10286034141239328 0.9946482175459999 0.6075828451116443
0.9949066262048711 0.05688387902658462 -0.08321676177627535 0.7375837576334981 -0.03388522801317995 0.9662485842249239 0.2553731873275357 -0.45135614102008226 0.09493469574468172 -0.2512526572799159 0.9632546422175424 -0.5022428042677253
0.9665625384241109 0.20826736926401435 -0.1496046864740067 0.6975771567697325 -0.15614156200174328 0.940788639905608 0.30089291723171635 -0.7127701637486856 0.20341256581340983 -0.26747231244449127 0.9418502482586082 0.07310816659394362
0.9719978163650236 0.16104954868873778 -0.17112360400827342 -0.653423349733434 -0.13056010490944536 0.9755915419172152 0.17656500883704462 0.6645797061956084 0.19538245568029144 -0.14927888734427588 0.9692994943801393 -0.36245239706214866
0.9800127057242343 0.1576110288436971 -0.12138311334735441 -0.6600670960234442 -0.14792455076507416 0.9853297169240314 0.08510978925693158 0.6549681737758775 0.1330166301633616 -0.06545313234093153 0.9889501825505387 -0.36786970531408214
0.9916978914957659 0.09788680308407227 -0.08338744380799884 -0.6504559110567679 -0.09732341580345949 0.9951941611397558 0.010804368083565385 0.6095238020611489 0.0840443022411338 -0.0025991181809024155 0.9964586292694158 -0.45319735490427515
0.9958923965212434 0.036944487843246554 0.08266461981510118 0.7059203932886347 -0.01847087859828106 0.9766664216066945 -0.2139661831920694 -0.7081122072316799 -0.08864062948209811 0.21156040679667532 0.973337060365546 -0.015921693022344956
0.9957441604591359 0.054186675037182885 -0.07454777769957294 -0.6951213428468541 -0.04382996503696007 0.9899907405518946 0.1341538959045538 0.7073970154047956 0.08107096321365026 -0.1303155319596469 0.9881524988855138 -0.12804601249228068
0.9940618711655913 0.09479304037482206 -0.05343478072623234 -0.6848725143869824 -0.09049857258416205 0.9928567099560602 0.07775321122279709 0.6973209567568341 0.06042354387978524 -0.0724557312551954 0.9955396337430683 -0.21140747930237955
0.9820526493653337 0.1307841429044363 -0.1358973945271983 -0.6613493475062777 -0.08104314660110779 0.943233445838947 0.3220910974239714 0.7164102027305403 0.17030737583416733 -0.30529686309482273 0.9369040629226352 -0.22220139958291654
0.977014849300461 0.11356760393358323 -0.18040061968624707 0.6813713185227207 -0.03371649562021728 0.9179451255390116 0.39527198790486107 -0.7194947432576384 0.21048796205362663 -0.3801041249920259 0.9006751201152152 0.1343891391416512
0.9941183898709529 0.10766453496976347 -0.011703624657720145 -0.7053839148921841 -0.1063968179267335 0.991104114719453 0.07995217896489448 0.7082556402705579 0.020207524723473175 -0.07823670299746487 0.996729990643723 -0.028416203763310013
0.995636143616282 0.038142060320774274 0.08516955300683682 0.6548068273510661 -0.026598040502846698 0.9907886805379943 -0.1327792708188648 -0.451576066528756 -0.08944950400257606 0.1299344979297914 0.987479525094787 0.6060586398962129
0.9643722649834203 -0.06340094668287465 0.2568393554159164 0.710734399447806 0.1295699172730207 0.9596366054833252 -0.24961815229326437 -0.372363222341879 -0.23064642002123242 0.2740034769417279 0.9336617822076863 0.5968268124747237
0.9595903801045229 0.01778943738355626 0.28083774377464604 0.7187097314488543 0.09389208109640373 0.9205671734276847 -0.3791310542737819 -0.5641327215818215 -0.2652745361285995 0.39017895269342673 0.881697116563742 0.40646106131018606
0.9997844059775125 0.016126887780471555 0.01307918402304395 -0.7048335594152495 -0.014882932068605803 0.9958131465446263 -0.09019243594632488 0.6965493789518947 -0.014478946689377326 0.08997833438893356 0.9958384705580313 -0.13427068259214145
0.9898536167839368 0.13384836110614914 -0.04769102189047236 -0.5228218091885132 -0.13440853795967517 0.990887592967049 -0.008724851145455181 0.49707582493276153 0.0460886348604746 0.015046405988331735 0.9988240302493387 -0.6925120793923124
0.9851553850587528 0.01691839328278713 0.17082925761844592 0.6697090395216767 0.0018276740358031396 0.9940415204987559 -0.10898676585778691 -0.28610772240431287 -0.17165525595611508 0.1076811194836409 0.97925443558321 0.6852971425327631
0.9782539963168931 -0.0044634544456136765 0.2073624755456973 0.6972887269812298 0.010973443962894305 0.9994819865508546 -0.030254620935489043 -0.1155263668382857 -0.20712001887220166 0.03187218434260265 0.9777962270573609 0.7074193168058405
0.9966311187908179 0.045651424262328044 0.06813487007827729 0.6599303357745597 -0.040752038455003914 0.9965975291425497 -0.0716424194784483 -0.314869748485697 -0.07117362165525015 0.06862442983213038 0.9951004990505685 0.6821649312395287
0.9416587802830372 0.20312638449967446 -0.2683624665186125 -0.6215430852425365 -0.15297097101482482 0.9685318554865499 0.1963311664880607 0.5821175094766626 0.2997976376535423 -0.14382529967940727 0.9430989659783772 -0.5242360139745044
0.9816256585085841 0.026828005262076904 -0.1889214775806299 -0.6726660925156684 -0.02695769732257497 0.999634800739307 0.00188353549209333 0.551842742406691 0.18890301509678184 0.0032439612426026776 0.9819903907894421 -0.4929400730644293
0.9845007996900288 0.1742552377597832 -0.01983147808341823 -0.7144623547361697 -0.16879952211405913 0.9721676393922205 0.16247092740741056 0.6848169992388852 0.047590931318445925 -0.1566052139356796 0.9865140192741323 0.14341973789648463
0.9907816231204081 0.13275431439024443 -0.026982722206371434 -0.7139110580504908 -0.12681921022944886 0.9789678913528358 0.15980849669827105 0.6879422980641977 0.04763048607424547 -0.15491339422709277 0.9867791936828485 0.13063841597087456
0.9979568453806352 0.06313521746361805 -0.00980199335608295 -0.7060978358886786 -0.06190418375675055 0.9934346221132275 0.09620563195655019 0.6774580874733594 0.015811603060458285 -0.09540228457731184 0.99531321567941 0.20609800064596132
0.9944681394716399 0.08572829375383545 0.060694144905999614 -0.6654066278018902 -0.08775532391466984 0.9956421648755815 0.03155443941026467 0.3895125186376061 -0.057724541578481114 -0.03670611899834644 0.9976575254703557 0.6367998252998388
0.9934266349737831 0.0570835825690402 0.09922190043407009 -0.6788086380043288 -0.061022368217325706 0.997445795328751 0.03712352297591914 0.412501489612706 -0.09684932370344129 -0.04293425185185007 0.9943725954168827 0.607504200839802
0.9987364342546933 -0.027573835273365987 -0.042014503454622876 0.6486082776695545 0.029488110924824784 0.9985223936527019 0.045645160621515024 -0.3808410290867841 0.04069381041763581 -0.046826413298435676 0.9980737952733243 -0.6589896908925461
0.9948940267771902 0.04860655704548278 0.0884492967482019 -0.5098992107623799 -0.033298319748687744 0.9853991829232278 -0.16697207010799464 0.5627997164564299 -0.09527380219651865 0.163174302224398 0.9819862777598266 0.650583794772406
0.9966771511081827 -0.0758540009203496 -0.029678729811982718 0.5564061390374588 0.07525729928837316 0.996948599118862 -0.02073233268976027 -0.5763545577392514 0.03116079849261333 0.018429901229098378 0.9993444568205644 -0.59852120448203
0.9986348626064903 0.03865583088956437 0.03513029924657979 -0.6795643767069929 -0.03576150636989289 0.9961866479275194 -0.07958188960491076 0.6862380810356957 -0.03807263911357894 0.07821693697128348 0.9962091070261092 0.2593637485218049
0.928233897843264 0.17942281010626787 0.32586697609342197 -0.6507875325925151 -0.13885618688418677 0.9797954157109655 -0.14394409580027953 0.45822717290248016 -0.3451098234746218 0.08836514338440463 0.9343932850657525 0.6053952803218298
0.9696649911706108 0.07821857446314823 0.23158510208355843 -0.6553936109139594 -0.06557269630195278 0.9959309334840561 -0.06182068609509911 0.3993186028866635 -0.23547829283777116 0.044759695469583305 0.9708483626517992 0.6410958338359445
0.9780557466193609 0.13048680379787106 0.16241967411449643 -0.6277637030830284 -0.12146934988922403 0.9905098912538026 -0.06430670545029024 0.35267257700612165 -0.1692694702016067 0.04316653058790876 0.98462403845055 0.6939270757935191
0.9852770189527065 0.10102330367034329 -0.13792566127881117 -0.6712467187886303 -0.054062726035099484 0.949451246963206 0.3092241117598476 0.7115888466127182 0.16219253243389928 -0.29721477378411476 0.9409340894383282 -0.20753109620458965
0.9991722141403464 0.04001282665651995 0.007338950390429311 -0.7017663010401268 -0.040667515170193014 0.9869912307180364 0.15554569648684724 0.5634716344472018 -0.0010196566873326152 -0.15571539483510125 0.9878014355687017 0.4359171663261923
0.9995505472322933 -0.008484038539422575 0.02875281929975887 -0.7147968949437798 0.005243657835135085 0.9938117265154964 0.11095384757995638 0.21902995179664897 -0.029516225709446953 -0.11075320911987037 0.9934095424795955 0.6641470313075928
0.9927555455273924 -0.1194914537315715 -0.012578525737352242 -0.7071045897719614 0.11652588058547342 0.9830308648017982 -0.1416758200992965 0.7071089721650597 0.02929412873579875 0.13918373228270595 0.9898331893250837 2.4639378001974454e-05
0.9790926075804588 0.19456250534459962 0.05935568460838567 -0.6109375588023733 -0.18845955961998662 0.9774480970257333 -0.09527965159787868 0.6409165300559261 -0.07655494869137025 0.08210145635008553 0.9936793701672872 0.4647378839148664
0.9712439205044636 0.2211459265906926 0.0882027552600469 -0.5287163102620278 -0.21287693553227585 0.9725218868623042 -0.09425810252796102 0.5355538034018253 -0.10662390539418082 0.07277127679330614 0.9916328373306138 0.6585143786772967
0.9564352206414142 0.27746908129450343 0.09078864269386064 -0.577521358364625 -0.26411585467979326 0.9548700817680539 -0.13588944863760613 0.618395435827681 -0.12439647914379054 0.10599073483024174 0.9865553608930284 0.532969197590415
0.9873576040696821 0.15122990452509974 0.04748134015701028 -0.5883376503798216 -0.15063824654883162 0.9884623338212744 -0.01582192444972741 0.48504358652334634 -0.04932626442849569 0.008469391591413855 0.9987468092783083 0.6469864977865611
0.97055940023414 0.08250498527745036 -0.22629047267066782 0.6311010070815164 -0.06334117176501458 0.9938627845325639 0.09068991939908957 -0.29685749272838946 0.2323840497464953 -0.07368645008104388 0.9698288305148861 -0.7166499479325382
0.9540719786569093 0.03421101618561424 -0.29761765054048417 0.6651576114601291 0.0006553161706108479 0.9932173526479826 0.11627063670441301 -0.25610372207645576 0.29957675160533837 -0.1111255900793364 0.9475784258451183 -0.7014101763271198
0.8991649517384175 -0.021537866512119246 -0.43707952350957247 0.7045389424274752 0.05565420109880598 0.9963060520328905 0.06539771083675838 -0.09580075074266468 0.43405644732603904 -0.08312864120590888 0.8970421559469526 -0.7031693215437635
0.9698225319074922 0.00039675439995744133 -0.24381160593886253 0.6908313227368243 0.012439133314982295 0.998615822859811 0.05110485589837839 -0.15706936058252816 0.24349440356384605 -0.0525954458101463 0.9684751904479115 -0.705748750967287
0.9883682714053192 -0.005054673588985856 -0.15199542872787258 0.6990038059402409 0.0146049395673018 0.9979828055849606 0.06178199978154211 -0.16392592670979267 0.15137653655536126 -0.06328325237912338 0.9864483636505377 -0.696076123590943
0.9209055649009039 0.06818897076255498 0.3837749402982047 -0.7108856366408566 -0.07071336301652947 0.9974681333198738 -0.00754607860142896 0.3265547163874299 -0.3833178326473209 -0.020188790892718023 0.9233958262288444 0.6228993729510804
0.8872407417387468 0.4342980848080128 0.15552826023257274 -0.6816605189341869 -0.4045714261671072 0.8945518810479014 -0.1899970874586621 0.6936696297392695 -0.22164346894955278 0.1056508667534439 0.9693874700171519 0.23272597986421648
0.9836756254272991 0.1303040336440656 -0.12410931776582051 -0.7139869883456594 -0.14297045333757305 0.9847349180610409 -0.09928036373706559 0.47042392286529844 0.1092781470041469 0.11540363931610434 0.9872893631656013 -0.5185787435569632
0.9462214434042229 0.29360535913423064 0.13587079572037639 -0.6080824027157992 -0.2751520760749487 0.9512455061256211 -0.1393675791117022 0.6293512290963242 -0.17016555195947983 0.09448746035041033 0.9808750199504805 0.48389339935808856
0.9723879660986281 0.20380416519307804 0.113690393774172 -0.6340382186746102 -0.20324880576599802 0.9789867498535935 -0.0165791002709213 0.5210104974757367 -0.11468027878091924 -0.006986119169479971 0.9933778877132713 0.5714399345338168
0.9165650854684693 -0.07733149435216412 -0.3923369522253022 0.7202227518120087 0.14187438523315254 0.9801838598946075 0.13824347947307836 -0.13684538444665742 0.37387177335938704 -0.182371710479914 0.9093736615394894 -0.6801121440821244
0.8686418796618336 0.028804769768910415 -0.49460243644377305 0.7306807896422632 0.28138744204678534 0.7929848600874655 0.5403666524966447 -0.6294395238822463 0.40777738087824766 -0.6085600191522794 0.680714558925732 -0.26440777110866
0.932679130847368 0.03524799020231567 -0.35898080459614534 0.7198256691636056 0.12572138406892325 0.9010412412842107 0.4151130148439133 -0.5755919211542063 0.33808840925058753 -0.4322988094960544 0.8359509356647082 -0.388001219476405
0.8835933527916097 0.16052860891744683 -0.4398787931027266 0.7256255192057594 0.17483382362370548 0.7583630691076104 0.6279479194414141 -0.6817186072548871 0.43439143755327037 -0.6317562988468853 0.642018736368097 -0.09342026760735211
0.9361040499763842 0.059209229174318034 -0.3467037276961334 0.7342039076255122 0.13416697394184002 0.851083498894232 0.507598365849656 -0.6440138044288913 0.3251283296193999 -0.521681076032603 0.7887587870752149 -0.21492054748779585
0.9761871788960793 -0.10001828878146365 -0.19249658092584748 0.7099174934374712 0.10959284121571597 0.9931824710362936 0.03972390187920129 -0.03927430991456204 0.18721111322029071 -0.05987421093817686 0.9804932829710513 -0.7031889369808035
0.897218737400136 0.28969727381937294 -0.33327770222402897 0.6630342542747214 0.01550035217332485 0.7336020303500048 0.6794025317504 -0.7328814596486622 0.44131426029600274 -0.6147386034795392 0.6537110776569556 0.1525462020556727
0.9892466898395896 0.1372448322186462 0.05054545153315687 -0.6918880920580428 -0.13055362350454303 0.9844139523106267 -0.1178342984279425 0.7061026224288987 -0.06592979623242512 0.1099682978200857 0.9917460539086123 0.15069822383596182
0.9975611811090224 0.0006005911874807923 0.06979490837157767 0.7154383075812645 0.014765454363699249 0.975515754936926 -0.21943334575053258 -0.6505119974506477 -0.06821782246455038 0.21992874109598476 0.9731277806835699 0.2549160042406604
0.8127037933234806 0.44205108460193754 -0.3796095137373085 -0.470909980782904 -0.1312004611260067 0.7735920303571274 0.6199530704563537 0.625996711532647 0.5677138216724589 -0.45403326879226363 0.6866984836970764 -0.621588213489732
0.9989278612709052 0.04540938568818409 0.009006423716312106 -0.7311042452903138 -0.041828821121106474 0.9686955349661021 -0.2447024933676727 0.6354021751042085 -0.019836272340197192 0.2440634102608567 0.9695563800375335 -0.24849679754741583
0.8569789346144971 0.3213165759743603 -0.40291781250164965 -0.539601436054803 -0.14808405950085796 0.9023929421148689 0.4046703465081389 0.5175983498604897 0.493617480392204 -0.2871282571001744 0.820913605092441 -0.6640197575594361
