0.9915715068939409 0.05856670491046287 0.11556767624214853 -0.6940524666774521 -0.05482586490329072 0.9978721265714801 -0.03528942546030722 0.12257965064457528 -0.11738854822207079 0.02865589097625898 0.9926725384831955 0.7094120119837259
0.9976464559485279 0.047423480653894914 -0.04952335222914306 0.7048750724077194 -0.050144617736496616 0.9972136050558003 -0.055231722801982706 -0.02279155524947191 0.04676608007309074 0.05758506207588982 0.9972446512166977 -0.708965215865717
0.9616063138606357 0.014474176091061233 -0.2740507167840381 0.7054826767834558 -0.04794641507888639 0.9921101779032835 -0.11583840546985445 0.18146156161019333 0.2702118399042562 0.12453069150695437 0.9547133959719829 -0.6851028349207438
0.9614576591063964 0.18785288410301482 -0.20077465895831603 -0.6789917282660963 -0.13736034720961993 0.9607273241711738 0.24111230496461467 0.7074971864570555 0.2381833427427314 -0.20424079544761867 0.9495021815218869 -0.1960050103991479
0.9343079163170438 -0.03894090935112482 0.3543336324514119 0.5262712807932299 0.1809525562277839 0.9082311886332808 -0.377322515082798 -0.5688876810321035 -0.3071235743181158 0.4166529893960744 0.8556140464750328 0.631985241427495
0.9870019750053617 -0.038768928413094234 0.15596176302291392 0.7042637071197669 0.076569178669629 0.9666795011818048 -0.24427014322826093 -0.39409622966968877 -0.14129494758615257 0.25303697789966795 0.9570830818701317 0.5905089267691549
0.9706296218953582 0.24057659692353653 -0.0010188777963600626 -0.6982844626262896 -0.234292624317119 0.9442975646326466 -0.2311040363547338 0.5687793718126105 -0.05463609877975384 0.22455513897825413 0.9729285103585903 -0.4346134322074803
0.9674276027350861 -0.03588995286436719 0.25059079143024726 0.7514314428716906 0.13116275995344817 0.9177287955781622 -0.3749269104346208 -0.4652988850950843 -0.2165182760591779 0.39558282198554773 0.8925435939394287 0.4678116439263142
0.7498880610885033 0.30833867306074525 0.5853162893103732 -0.5408689870595452 0.02299227251165975 0.872064019661293 -0.4888514099569905 0.328091452153004 -0.6611650710992493 0.38004158760236617 0.6468609900519569 0.7744783650053206
0.8184271871213595 -0.03134425480199404 0.5737547185614478 0.6822980100428724 0.4092971599105262 0.732626314977629 -0.543814782339977 -0.6957805460753281 -0.40330233605794497 0.6799089794179857 0.6124304086481966 0.22440779218791532
0.9995984644453972 0.028325948321844305 0.0007419771374291284 0.6940850103311181 -0.028307247225106538 0.999426008610344 -0.01861056333734515 -0.12273522053368445 -0.00126871310427501 0.01858208720420952 0.9998265331557241 -0.7093532717019071
0.9995155404432658 0.01913455890941257 -0.024546956384620525 -0.7094306644460665 -0.021632386997770536 0.9941418034070983 -0.10589671643285738 0.7016273662505538 0.022376868529464244 0.10637642301668424 0.9940741080930486 -0.06653699175589554
0.9993768739490164 0.03228136657390053 0.014275054746411053 0.7097049121630511 -0.03150361691117186 0.9981651652126221 -0.051709042512629755 0.03448719285577656 -0.015918100935906176 0.05122710540505179 0.9985601623009073 -0.7036544401768274
0.940139781409413 0.2465518206588796 0.235264513136285 -0.6694174258850626 -0.2244577349693831 0.9674459341314285 -0.11690632893467418 0.586239093982256 -0.2564291649244987 0.05710135079277617 0.9648748722574164 0.4562938029474872
0.9799555825519299 0.11453384005981593 -0.16300017087862229 -0.6785256570802671 -0.11507284719748617 0.993337938633952 0.006162751683705031 0.24671059674342358 0.16262009735322236 0.012717670840351858 0.9866067934011122 -0.6919080965983093
0.9806094561076909 -0.13277542412983118 -0.14413806346459024 0.5990815173364585 0.18862344167572048 0.8389960976877406 0.5103986141391342 -0.737607650882918 0.053162880307457305 -0.5276895250162599 0.8477720644993728 0.3115064829900487
0.9939800212965701 -0.0017415606248989413 0.10954763452425603 0.7047362318514203 0.006058314431992999 0.9992175321273243 -0.039084783683978594 -0.08289712575363048 -0.10939384849941619 0.03951316813380187 0.993212814785692 0.7046097572824607
0.9495858130002209 0.10314094602899557 0.29605528031256834 0.6766800156777643 -0.09695603421350077 0.9946539672657075 -0.035538891825424426 -0.1431538974231662 -0.2981380740165537 0.0050428816000996565 0.9545094332519021 0.7222265005072149
0.9924810633666132 0.10508504989133735 0.06275723980555387 0.6694572401708347 -0.1048021836381617 0.9944625667332267 -0.007791384410748253 -0.1940413850407218 -0.06322848379764989 0.0011557057143517235 0.9979984084060216 0.7170599308804863
0.9334388643216153 -0.07839291430827516 0.3500663330859288 0.6881886910151468 0.06355064623113221 0.996532512126498 0.05370537811482484 0.1360091165129414 -0.35306260342548157 -0.02788374546409149 0.9351840967431572 0.7126695207347007
0.9555222805481297 0.04839788462911468 0.29092063546528985 0.6706759023676093 -0.0183042240388471 0.9942732347680232 -0.10528860340163504 -0.2152992186593131 -0.29435034696503587 0.09528052994897751 0.9509361144967654 0.7098169344472435
0.9608350152450141 -0.2543116416149829 -0.11009842150642235 -0.6415921061532249 0.23524190252389965 0.958503239880196 -0.1610365996787787 -0.17117785012833228 0.1464831757440066 0.12882984156731545 0.9807882295101684 -0.747701620265271
0.9687473525237291 -0.007174158784989852 0.2479457570195418 0.7069990843133158 0.011970428105778527 0.9997691614859227 -0.017841877499294143 -0.017320737403920893 -0.2477605211272173 0.02025228845002915 0.968609606076311 0.70700232449117
0.9049450582146563 0.2888416345350848 -0.3124819223122717 -0.7108603091575793 -0.28649494847745605 0.9565315456120601 0.05447978290984022 0.5701412592362366 0.3146348456699798 0.040223281916123704 0.9483601644323343 -0.41184531729875157
0.9171964960982959 0.060011983220578644 0.3938897681013579 0.6457180076883119 0.02122256794907129 0.9798300821896814 -0.19870232169204596 -0.2932508103416542 -0.3978695642477009 0.19060842559051594 0.8974231097644239 0.705019302417317
0.9925750019270312 -0.06831047070471344 0.1006406733962652 -0.7157811260198065 0.0809902056436827 0.9884834904889295 -0.12783182553893385 -0.3505654756817352 -0.09074939195028908 0.13503358331512555 0.9866764815468796 0.6039546563226883
0.8773575057624654 -0.038268354422217446 0.47830883342468267 0.7060766280755743 0.06669622786939593 0.9968642110821506 -0.04258353967855295 -0.04460423385880555 -0.4751793558965486 0.0692623831049498 0.8771586527056343 0.7067292675468421
0.979792587006024 0.13499411882708662 0.14759090192197621 0.6437739275381701 -0.1273221335931898 0.9900272378345724 -0.060292144122801344 -0.24808413686946387 -0.1542580978273807 0.04028220733457122 0.9872090877959607 0.7238849295680992
0.9482823597967485 0.02313732725496469 0.3165836859122829 0.713539199512494 -0.04710241984075278 0.9965553004513664 0.06825610000162957 0.06493069664731671 -0.3139138865094308 -0.07963791326864142 0.9461056360823357 0.6976000397018075
0.9655488727316868 0.0014595834993115387 0.260217685760552 0.7069849619646633 0.0029092630663811866 0.9998612251050961 -0.016403253328126297 -0.0034634045727538593 -0.26020551599645136 0.016595184462506997 0.9654106324759821 0.7072200989681987
0.9745120071719804 -0.02353295502020391 0.223097619677251 0.7003131222998595 0.04601887366707903 0.9943041390205082 -0.09613294124856019 -0.14691884413121678 -0.21956459446835108 0.10394940670683389 0.970044282340371 0.6985530645368107
0.9195724255367763 0.07721030432583684 0.3852598124620854 0.7095415207727179 -0.09284587740254362 0.9954348265031676 0.022116718426576473 0.01870077688187638 -0.38179339601643403 -0.056107709724424006 0.9225430763209482 0.7044154393847094
0.9987005056204006 -0.04936951940015899 0.012647158880695952 -0.7619078117830578 0.050864228574502846 0.9500733991422721 -0.30785283252516954 0.3941218089508086 0.0031828171604700306 0.30809606747968526 0.9513499266192624 -0.5139693434955966
0.9813495194731993 -0.054578111181018074 -0.18432132380610194 -0.7465678746313 0.012434246224448636 0.974862879879044 -0.2224584342180957 0.2405906292058159 0.1918293777046447 0.21601758079806688 0.957359856394449 -0.6202842555690522
0.9560830882243037 -0.07450073998791781 0.2834691661410993 0.7137341743680828 0.10947280436052903 0.9879307547371058 -0.10958343373892569 -0.06729495859313225 -0.2718838603465076 0.13580303231454371 0.9526996918742319 0.6971763886471338
0.979794212201347 0.13485782791534817 -0.14770466474250576 -0.511376922466545 -0.027703163528204733 0.8228794720434351 0.5675402269619721 0.7336811226349916 0.19808037880434098 -0.5519807430875389 0.8099885325072553 -0.4474434639791977
0.9313973818833198 0.26851497939253205 -0.2457613127868686 -0.4144201468248316 -0.15993558583798229 0.9083798247628366 0.38635049158309537 0.6137185268674913 0.3269855125285501 -0.3205398568129493 0.8890076910751534 -0.6720160055276075
0.9704005382596663 0.12730749208090475 -0.20522085129299306 -0.4595254081336272 -0.02665405204629412 0.901038927282992 0.4329184831238194 0.6663716887762661 0.2400257420671037 -0.41463436179456425 0.8777619205481353 -0.5871841037333101
0.9561763325971155 0.16269429262270313 -0.24342840452405823 -0.4449554225046264 -0.05102340579801645 0.911273712883644 0.40862798762202857 0.6253343144415469 0.28831134740398473 -0.3782998643341762 0.8796395736907491 -0.6410707193170269
0.992544646650458 0.11328571264871884 0.044960779744013135 -0.6275559738413404 -0.11291790184667583 0.9935472860906078 -0.010646020126437172 0.3483459926577771 -0.04587670267207772 0.005489773370543738 0.9989320249848226 0.6962963227644642
0.9984119281739883 0.029360609312823027 -0.048078855026705836 -0.6745608755817755 -0.03252095906994651 0.9972678312063483 -0.0663269180812554 0.5616896529658088 0.04600009675065997 0.0677851566477981 0.9966389334343526 -0.47903273258254286
0.9891137998561408 0.032590244405684865 0.14349831672784003 -0.6270923521721874 -0.024228087806654475 0.9979258541645417 -0.059640500930179724 0.48251396436870625 -0.1451443787935961 0.055514552682584484 0.9878518328904762 0.6115026214468324
0.996130778394078 0.056084770742550895 -0.06766070371170646 0.6930314607840794 -0.05562854192227372 0.9984144118612093 0.008609733528852442 -0.1287664761577085 0.06803629663355909 -0.0048125542689441275 0.997671239267625 -0.7093141680393894
0.8948463389519645 0.11355997092230324 0.4316875752999987 -0.674283416537614 -0.06314012935573701 0.9895756233698597 -0.1294349631942399 0.1899510109114945 -0.4418861320851864 0.08856759360104077 0.8926883149422952 0.7136248928085844
0.9986170069840323 0.0018888223109821134 -0.05254051496255674 0.60266882435607 -0.0019336351155530007 0.999997808843131 -0.0008020998546906244 -0.315062182774409 0.05253888481394531 0.0009025847409143417 0.9986184711506654 -0.7331617209966005
0.9739575436966198 0.012945625653313225 -0.22636058369974862 0.45491362471579083 0.04132263666380101 0.9715121817784282 0.23335920885036798 -0.505038641753711 0.22293304549931145 -0.23663577800612154 0.9456766708510046 -0.7334777190777558
0.9537340681335773 0.18447601453931722 0.23740245858261044 -0.5625841917533047 -0.13906397927687858 0.9707602527734437 -0.19566742524732592 0.502438990109241 -0.26655681748748955 0.1536005589017416 0.9515010937229731 0.6565470953460132
0.9846435929553066 0.13018398519464386 0.11631476626338288 0.7070191296820706 -0.09796694915164728 0.9635151710925567 -0.24908029217182143 -0.7071936610189932 -0.14449730698522803 0.23386031102630922 0.9614727677894446 -0.0010373418725973865
0.9911843588435381 -0.0017697178759579213 0.13247805434321563 0.7005139107726274 0.030208043231061688 0.9765923164926922 -0.21296694929398619 -0.4648106747285103 -0.12900015855833186 0.2150914118835907 0.9680364887884385 0.5415083540190921
0.8302383247758311 -0.005292651327991296 -0.5573834514186279 0.6302791160500769 0.21994233478288017 0.921930677806095 0.31885607206112615 -0.40787972281582296 0.5121813091510438 -0.38731874878698425 0.7665862595914489 -0.6605924368222974
0.9718045775926001 0.047038772374048216 0.23104808344500616 0.6616679167286028 0.0035360635846315436 0.9768809397737641 -0.21375482628715717 -0.43241973737253697 -0.23576123350626027 0.20854491938253916 0.9491710369450475 0.6125428464219439
0.9575146138051386 0.18329667688041584 0.22263892874830513 -0.7237700663025154 -0.20133469069259285 0.9776197294343969 0.06102464210739565 0.6196215953877777 -0.20647059517837987 -0.10325692647573048 0.9729891574223585 0.303687289252543
0.9275010725645196 0.0806487844728135 0.3650171693971692 0.6083720292892398 -0.01649237805400461 0.9843277803776336 -0.17557568807486928 -0.34058087183038377 -0.3734565059786592 0.1568266378517944 0.9142951622984321 0.7168599191765069
0.9823562669872141 0.1507689239164866 -0.1106566595014058 -0.1732716040128944 -0.10422012381320567 0.9326224656629014 0.34547576229485333 0.6860270875091629 0.15528789554664418 -0.32784762942854195 0.9318806797947793 -0.7066426157871418
0.9996267892027917 -0.019517541266429184 0.019114075730480073 0.5147578009895042 0.01996037785942828 0.9995302127067818 -0.023258056712554265 -0.5764425078228311 -0.018651156098916155 0.02363090072868146 0.9995467547378285 0.6346167674237541
0.9978345527731782 0.05413886064268897 0.03735222965584828 -0.6606115749764903 -0.056316622447097786 0.996611484217494 0.05994987541233965 0.47877032080371706 -0.03398004308565261 -0.061923608535965236 0.9975022924173065 0.5782484992843363
0.9776208546286894 0.06998827128617065 -0.19839129637522962 0.7201535755211086 -0.09689211961497031 0.9868582356160247 -0.12931643342338484 0.13938175319248292 0.18673345107823908 0.1456449953798612 0.9715545036534035 -0.6796701807061662
0.9758562569879339 -0.20058037589572986 -0.086441185224563 0.6340680616572341 0.21509042003922757 0.951319194662527 0.22074397177270777 -0.7030113278798571 0.037956249878619536 -0.23400705688540452 0.9714937058071879 0.3220757147920937
0.9984499019832852 0.05120181662236584 0.02182125578735855 -0.6300046324159341 -0.05193871277152262 0.9980486660162833 0.03465877058920097 0.523682549985036 -0.020004083213308377 -0.035738414034302834 0.9991609492054359 0.5734550984825524
0.9932938128308416 -0.03912964540467606 -0.10879463333489078 0.6888190675117781 0.07714369653745484 0.9251986312941483 0.3715593394546448 -0.7190585051686765 0.086117660653934 -0.37746041315870354 0.9220126815947568 0.09210406275942874
0.9859647524154278 0.15688850437822593 -0.0570920676482104 0.6210492657349188 -0.15362715883324815 0.9864460155654704 0.05764507302304739 -0.5913449734832593 0.06536209194333104 -0.04806511800642821 0.9967033366894186 -0.5144015278614573
0.998145028527558 0.04518674392130312 0.0408002475422784 -0.6796564458820358 -0.04852070961529226 0.9952152660090335 0.08480751759718366 0.5874483818959992 -0.03677285363075766 -0.08662985903462309 0.9955616629619141 0.4392852310046078
0.9969645437691166 -0.07658532554860642 -0.0140137924150227 0.7042942703689108 0.0763004293527143 0.9968873441902031 -0.019846094678684312 -0.7071529535031571 0.01549009192448031 0.018716594348807142 0.9997048295112678 -0.062484246632934615
0.9734462667567303 0.19260318816702476 -0.12371894618562934 -0.6576109683460879 -0.14442023453220687 0.9360427389064162 0.32088438229093824 0.7139022117768529 0.1776095763044532 -0.2944961847774471 0.939003107319928 -0.2406064137362892
0.9699969022173689 -0.0024223348240538928 -0.24310520764209942 0.7324619255383391 0.06687831502537878 0.9640303483542121 0.2572407013507429 -0.3222831808786607 0.2337376749008906 -0.26578115009544245 0.9352684532185769 -0.5996941545149501
0.9704609361915368 0.1511340332854383 -0.18805338420013107 0.7395132718926336 -0.07755525306650202 0.9335249951452141 0.350023236601399 -0.530846670541543 0.22845295806366106 -0.32509935007933255 0.9176707789452376 -0.4139105375194141
0.9287722196699352 0.06301824614706432 0.3652545203305909 0.5316848059761632 0.07843294465969129 0.9297095583548205 -0.35984498092330647 -0.5098469321756923 -0.3622574183662661 0.36286200924901607 0.8585457035489577 0.6762894150030183
0.9902780972026436 0.03760204672935241 -0.1339230237206271 -0.6224223997246119 -0.01590004642122217 0.9870587258958088 0.15956898243939716 0.6520464694851017 0.138190009496038 -0.15588828600861965 0.9780605111958972 -0.43292696607288106
0.9671963862184701 0.21518279680889202 -0.1350093124322736 0.7059169302533456 -0.2123914377272622 0.97656046335562 0.03492189271507992 -0.7078427657150098 0.13935934725047633 -0.005101506459873673 0.9902287346698038 -0.025296375365239977
0.9251269996713333 0.05419469401600389 -0.37576983596295827 0.7125840478992594 -0.11984883313088719 0.980837663711997 -0.15360252159764873 0.16026233276887342 0.3602447663412774 0.18713741631352843 0.9138945758342234 -0.6830373045266157
0.9161362617833968 -0.11756803172649101 0.3832389695235891 0.5413885228845386 -0.02436927346251981 0.9379231148774445 0.3459860822193589 0.4233361403325176 -0.40012559072927667 -0.32630965124334105 0.8564003287884684 0.7264192863472613
0.9967413455084333 -0.059654599388166446 0.054295662127607836 -0.7120074692563158 0.06397815246997371 0.9945994389892869 -0.08172363164179977 -0.19282755603971186 -0.04912724458553308 0.08493105871254125 0.9951749741153062 0.6751761972662901
0.9376023948904756 0.27885522034431987 0.20770535665303788 -0.7352554134821022 -0.3058595251185887 0.9455581838592692 0.11121902638933776 0.5831481827962505 -0.16538349370440875 -0.16780788725051532 0.9718481429660923 0.34545285329071124
0.9054521444173984 0.07164238049062699 -0.41835843900604075 0.6557340785827626 0.022353003689488546 0.9762357329434342 0.21555541503393755 -0.320142071537799 0.4238593603968096 -0.2045266805138917 0.8823333154550926 -0.6837557109207221
0.970520115282294 0.12945043181698476 0.2033059062960021 0.5680011509998697 -0.099271467782067 0.9833466124093643 -0.15223211076320783 -0.40842152293156225 -0.21962668671369728 0.1275618499608078 0.9672084020094843 0.7145393985422265
0.9752415947439524 0.21574603427667005 -0.048553893511868756 -0.6986131516057411 -0.2167212787360605 0.976106539332882 -0.015745196556137486 0.6859552704880836 0.04399680925111413 0.025878032488471273 0.9986964544896745 -0.20348226284645463
0.9929038700134609 0.10721139782380776 0.051455039490385046 0.5968062461756111 -0.10627827011207044 0.9941240799483693 -0.020548551501124113 -0.33594060383516067 -0.053355732721776294 0.014934183723050665 0.9984638881513184 0.7286742860981464
0.985524787578313 0.1534391392994851 -0.07209246562404764 -0.5624623498918236 -0.15004062257330686 0.9873926308117782 0.05043415704073978 0.4030979183485262 0.07892214294186217 -0.03888731347918967 0.9961220167247763 -0.7219059309752571
0.9754710019543854 0.21153753804865072 -0.06089494513029636 0.7287574879613088 -0.18503788863463988 0.9378182295810564 0.29369703443359646 -0.6405068437228286 0.11923633722880239 -0.27522506837453875 0.9539569474680135 -0.24220550547942357
0.9843832332420187 0.16171600542873987 -0.06955274042164979 -0.6737715507006609 -0.15530498135355875 0.9838122664366641 0.0894079816097266 0.6835471490218001 0.08288554083047517 -0.07720983096035286 0.9935636009457642 -0.2807048138714329
0.9412888610286845 -0.023713530579356407 -0.3367683901003534 0.7051149256350702 0.01937599010576791 0.9996804413247957 -0.016235339235221746 0.06570132145628524 0.33704577005318304 0.008756922982616343 0.9414475371411481 -0.7060426885150412
0.9631857095876959 0.2226288922274089 -0.1506972633847189 0.7028311427440611 -0.15352647563645905 0.915664968147634 0.37146640142257864 -0.7108353536402038 0.2206873583255148 -0.3346551097066793 0.9161348412883967 0.02723021858677354
0.9929450262508974 0.11843430018876994 -0.005787173956372682 -0.7327283386046168 -0.11340331426999423 0.9627583036368985 0.24543051377280478 0.6107987186725428 0.03463904092474143 -0.2430427232339991 0.9693969112426634 0.3000568397382372
0.9146419355147588 0.2509403087090243 -0.3169528218250084 -0.6133834969643827 -0.0030219886572430132 0.7882447218494145 0.6153544718786839 0.7226485033340541 0.4042536300175565 -0.5618711773543451 0.7217200168182052 -0.3186531441564587
0.9886955857076715 0.10511663325788054 0.10691834367727537 0.6516028575576053 -0.10723212799949806 0.9941323555651234 0.014217255123208122 -0.20808651694773073 -0.10479651486029129 -0.025521618895892814 0.9941661518287925 0.7294612515324753
0.997978325555323 0.037833638496635846 -0.051067382152401974 0.7180524564631545 -0.025582855671523685 0.9746775186889372 0.2221469154817724 -0.5854869285383582 0.05817885541572282 -0.22039135727265188 0.9736749305707906 -0.37630536307359397
0.9924338133169861 0.0717839828094668 -0.09961017014901358 0.6484204423740393 -0.06172793812148064 0.9930096985446528 0.10060517010336986 -0.43343533539494983 0.10613570483289769 -0.09369524218586278 0.989927479036397 -0.6258472177317099
0.9808602577116304 0.1794815758717203 0.07549515722533101 -0.532420277933161 -0.1701714814337653 0.9786093541566718 -0.11560881827827513 0.5215687877900961 -0.09462991994348974 0.1005489725440564 0.9904216689732831 0.6667043177066915
0.8591451284971334 0.5086480564393974 0.05609637118448901 -0.11762565265601753 -0.11213503114781886 0.08017216897927942 0.9904535113323774 0.7299397862704946 0.499294885783063 -0.8572336775941445 0.1259167940717062 -0.6733142759934847
0.9641822253811957 0.014032738647622528 -0.2648692479413427 0.6937619634698375 -0.06975871932787267 0.9768601239394296 -0.20218313316094652 -0.0381791658517149 0.25590302330511855 0.2134183227913888 0.942850074062791 -0.719191691649273
0.7065135263570193 0.002470911827158504 -0.7076952251282409 0.7065919630260201 -0.0563452854516562 0.9970158084585241 -0.05277012877724452 0.03629215633093107 0.7054529366881538 0.07715809924134989 0.7045443788999535 -0.7066899441593084
0.97690135406588 -0.2121938612824532 0.025248953607888702 -0.7078726556750813 -0.08271575153331379 -0.2665459312549895 0.9602663021160796 0.7052145595594492 -0.19703260865280486 -0.9401739369741396 -0.2779408558704839 0.03985885513759744
0.6107874342602223 0.5623379990993027 0.5574178728017314 0.5159589705398164 0.3960714373453807 0.39259829467454177 -0.8300566218866073 -0.6478004584219058 -0.6856136861739115 0.7277654524554146 0.01706808552201583 -0.5604827444157953
0.9953668090966491 -0.05306661713935373 -0.08018010659845837 0.3012438019007263 0.056459812012402105 0.9975765462581041 0.040661086843287064 -0.6464720654608228 0.07782804749111391 -0.04499965001128775 0.9959507149064067 -0.7009465317663065
0.992755265869568 0.11817327509719869 -0.021726922033411034 0.6973373192535992 -0.1197434215578162 0.9879893152788107 -0.09766588907358517 -0.053421107270776765 0.009924468845800671 0.09955998165783529 0.9949820676627396 -0.7147495005064138
0.9721857070064195 -0.09039202705412921 -0.21606534321235682 0.6906154153985826 0.09134791826909337 0.9958034075135364 -0.005579553058491088 0.12246926030475073 0.21566295212745956 -0.014312757577597056 0.9763629632724675 -0.7127774044498397
0.9965796258680348 -0.009223136322493025 -0.08212175753784212 0.7016082339825677 0.007599151153465281 0.999769778125001 -0.020065982398892207 0.13157692428240128 0.08228792260395312 0.019373293583244258 0.9964202794450057 -0.7003095022946968
0.9696763059865805 0.038456527252325436 -0.24134820720260297 0.7038054360593229 -0.05133106401899535 0.9975617297911731 -0.04728337046700978 0.10495415929276744 0.23894138083408084 0.0582382242838313 0.9692859875998253 -0.7025969916107633
0.9739747982768571 -0.010470221666720653 -0.22641436964072104 0.6300060892280251 -0.031245738205105844 0.9831926863540417 -0.1798773063616995 0.47903575399054166 0.22449230758663719 0.18227044729788858 0.9572777485538114 -0.6112422383428054
0.9929810069550691 0.07749655370837162 -0.08934765799853156 0.6857584854005944 -0.07861825321066272 0.9968632707239904 -0.009098886941401582 -0.14967044745120797 0.08836226620340404 0.016059378717551483 0.9959589380424301 -0.7122738636654008
0.9205602289424648 -0.0011809122536854538 -0.39059886115508047 0.6671557403040254 -0.05909489902750592 0.9880634706306728 -0.14226162839711234 0.2546295901968038 0.3861044648774804 0.15404279746719185 0.9095021488430667 -0.7000478483472367
0.9830908794120649 -0.17939531043935147 -0.036737520454996925 -0.6617578417809632 0.18078696701508878 0.9827530921331371 0.0388900046315602 0.6782949834051383 0.029127227370585956 -0.044874073752293464 0.9985679356611525 -0.3193626063408562
0.9016885383516551 0.283183695806805 -0.3267487937765868 0.7185822402544647 -0.06699661305794757 0.8380636994331954 0.5414431544780217 -0.6921146648802428 0.4271641764521213 -0.46632202405799544 0.7746447806797867 -0.06794744033872302
0.9758492455533778 0.016330109928117106 -0.21783382993152967 0.7113674286996801 -0.036874074606422017 0.9952061580868403 -0.09058148556934824 0.10635968593781014 0.2153103633707003 0.09642629525065036 0.97177333623094 -0.6947258441949717
0.9891976799448086 0.14624832530641002 -0.009968818228809961 -0.7069777040267233 -0.14281048124785295 0.9768158838459382 0.15948634898334058 0.560141428412581 0.03306231143712168 -0.15633987466845975 0.98714979975234 0.43176857943233476
0.8993910257135375 0.36363659758632916 -0.24261947111019067 -0.29070845644532195 -0.2504237323286452 0.8835027673876592 0.39586716750058804 0.6259086869823521 0.3583067640340351 -0.29528170433365086 0.8856776941603941 -0.7236897877621365
0.9957752670690843 -0.06514401909019446 0.06471378732751043 -0.5875443738376024 0.07277425196073284 0.9896649931728219 -0.12356014543449617 0.608888968571108 -0.05599576542069612 0.127747634283436 0.990224730144595 0.5329595038313811
0.9626608872578362 0.026020730451776386 0.2694567455654292 0.6737508486606918 0.011196887297834288 0.9906907560686705 -0.13567039306689282 -0.25803468479209835 -0.2704785497202982 0.13362165777613272 0.9534078910489269 0.6924434239511846
0.9988525385129772 -0.022622632181189872 -0.04221164317313658 -0.6700427776778064 0.01832036508523477 0.9948527985984456 -0.09966079140757655 0.5160073085648782 0.044248960771133716 0.09877310177389065 0.9941256982075453 -0.5336470121620097
0.9978485290818273 0.06164639656693477 -0.022316693293273515 -0.725613117799897 -0.06512706912195643 0.9711647384204852 -0.22934148276370497 0.574813824853008 0.007535109608872048 0.23030148205989295 0.9730901548593531 -0.37825212495710836
0.9901501942218777 -0.03309196250616275 0.13604232760383422 0.687740929777342 0.05270577139436042 0.9882883301621328 -0.1432071161886479 -0.29096254471489064 -0.1297100402594325 0.14896676972678904 0.9802980194680913 0.6650963923237235
0.9679215924690123 -0.14171308182859005 -0.20747335556860036 0.712105338260478 0.19959958500536323 0.9352401606724937 0.2923796291313311 -0.6525130326529528 0.1526033960891381 -0.32441215190546 0.933525017981913 -0.25909984453676677
0.9952740692967557 -0.06812789475651049 0.0691962205725278 -0.5808064731151077 0.07971281579247169 0.9801513103972408 -0.1815193535824959 0.6426938247547894 -0.0554562348515617 0.1861773312802006 0.9809498495506641 0.49960833500818386
0.9336423789733153 -0.1965891575689655 -0.2994404971131548 0.6206162975356013 0.2775010152544637 0.9255476933375174 0.25759397098989567 -0.6023367168108428 0.22650627964317194 -0.32359568984139125 0.9186842410743117 -0.5020218031268525
0.9878124456862667 0.1549041859691791 0.01520740992221839 -0.7015885709313142 -0.1439871206330633 0.946535936778137 -0.28868222924062037 0.7116169348592009 -0.05911244572098241 0.28297422772535363 0.9573041863504639 0.037078499971713336
0.9733085081451874 0.16791839313261528 0.1564415584809533 -0.6187046054646784 -0.15054510380267735 0.9816502612475752 -0.11704245517592335 0.3108801604695454 -0.1732244777542431 0.09036690677636014 0.9807278432197396 0.7214971496847553
0.8807075048474156 0.013680382021459409 0.4734629215188735 0.7448951870875925 0.31558207223568946 0.7284589325465118 -0.6080752743506552 -0.6190689887143538 -0.3532169964609121 0.6849528675324627 0.637241965559542 0.24876645164878625
0.9395932528198586 -0.24512837854819167 0.23890708923288878 0.7103416738633976 0.2725289478169821 0.958037394282797 -0.08883875144100552 -0.013876870809378232 -0.20710502615138532 0.14858138909756652 0.9669700507030565 0.7037202134580802
0.9062191889710992 0.026735201559495936 0.42196209609174207 0.7323998873664304 0.22729499435760586 0.8107177935166837 -0.5395124139585814 -0.6090480700472922 -0.35651615262220493 0.5848263744676815 0.728611243837513 0.3043860268759206
0.992574199938167 -0.07492247041025545 0.09582839372926927 0.710597773793991 0.08045939871394653 0.9952238553760803 -0.05527895484685359 -0.07610286174741349 -0.09122906760291682 0.06257875931971402 0.993861738928664 0.6994706271980818
0.9653981991201688 -0.0019431722484942737 0.2607729687240366 0.6934227445847996 0.04573523551216219 0.9857353488202112 -0.16196947341688803 -0.2306354856579957 -0.25673839870222376 0.16829155108890537 0.9517160020005487 0.6826215423261884
0.9799736934070482 0.038246425804477166 0.19541947483127425 0.6747368855069078 -0.024467212125723045 0.9970722302262252 -0.0724453120808797 -0.205255621307614 -0.1976181058530399 0.06621313030573167 0.9780403394616055 0.7089430620706174
0.9779546227117155 -0.19550271125715052 0.07337196881568109 0.5312634925686964 0.18573307776597714 0.9749654706979255 0.12225201335908331 0.5142090519059993 -0.09543573618075996 -0.10592932001044414 0.9897833093267241 0.6733113339322635
0.9872823659146599 -0.04355796063387684 0.15289288413581958 0.6991913379435452 0.03522564913884586 0.9977644752392452 0.056790893577225714 0.1415560524802072 -0.15502478381439017 -0.050682896680936486 0.9866096291782942 0.7007805340839144
0.9854387280532145 -0.08283358796671211 0.14848942708968593 0.6410420508237571 0.11028137747011335 0.9760777880179058 -0.18737707843107826 -0.5567872816072259 -0.12941611582858048 0.20102424839464772 0.9709998560871214 0.528254684897453
0.9010486905851512 0.11413785880906069 0.418430169062016 -0.5587940458595168 0.21067640536318233 0.7281094542574311 -0.6522822049114891 0.6551122023417724 -0.37911305624843955 0.6758913905409871 0.6320159165515837 0.5085048836096514
0.9181002781921621 0.30584579383146043 -0.2520917086678553 -0.5775177023092608 -0.23214239261599195 0.9304711581421492 0.2834313557391459 0.6057700582563403 0.32125035211497865 -0.20169723414368235 0.925265603491663 -0.5472804948466025
0.9958333876439096 -0.004249649214461443 -0.09109228581613828 -0.16241260732196822 0.03129838810082411 0.954163588229055 0.2976445158240701 0.6956199411556366 0.08565205751145266 -0.29925538822117953 0.9503209656030147 -0.69981071901587
0.9988687728558299 -0.017307645184360863 -0.04429017985581758 0.027144499214764785 0.02976157864338942 0.9539717039450251 0.2984162135489267 -0.7069847496368 0.03708669640372063 -0.29939678269880854 0.9534076481020386 0.7067076764429341
0.9707310368261186 -0.20870393758060374 0.11884410200275197 0.3756779727658855 0.16124279148379436 0.9330697627214365 0.3215300609421704 0.5831814411035305 -0.17799442782571237 -0.29295645467084963 0.9394117836868368 0.7202537521810797
0.9934083827026687 0.10908990285355892 -0.03520196402857978 0.1816654265314811 -0.10547100362409408 0.9901537549894148 0.09204025681672234 0.6852154062886077 0.04489601954065354 -0.08772077619220492 0.9951328619102289 -0.7053208630034088
0.976768520923704 0.04771206836142945 -0.20891820185228926 0.7013980601791074 -0.07953223270076001 0.9859835760256153 -0.14666632800125473 0.2619775754901352 0.1989921618912464 0.15987478331623706 0.9668723665331604 -0.6628789566107038
0.983814888603141 0.05886651354502667 0.1692424253721332 -0.6885114229332029 -0.05414906878568787 0.9980083846589914 -0.03235958127036623 -0.40464186808505753 -0.17081025529057603 0.02267151810981749 0.9850430746694097 0.601844646967248
0.9422323532167163 0.04130629083384495 -0.332403343679391 0.6976737533270942 -0.0766863673720292 0.9926116605381846 -0.09402814697158632 0.16003909062209473 0.32606348095266924 0.11408716711873387 0.9384384501329059 -0.698311408607462
0.7971071615856284 0.5027788369766724 0.3344153316420882 -0.4279360799528222 0.085508165219782 0.4542500857893213 -0.8867610801344075 0.7166468706760747 -0.597752897633838 0.7354388490206231 0.3190943006723429 0.5507158743170578
0.9989913342967183 0.0017210930560717166 0.04487038933143933 0.7007878351017319 -0.0009590535145365398 0.9998550444513983 -0.016999126490758396 -0.09453914818473055 -0.044893142198100366 0.0169389469502945 0.998848175580151 0.7070776192427062
0.9307700480778798 -0.20763490764091042 0.30092335025725636 0.6053310241556408 0.13167030178997596 0.9582248332091425 0.25390569242899697 0.44161056088869843 -0.34107191210599236 -0.1967051452053609 0.9192263250267041 0.6622344476892245
0.9095500004615529 0.4146052352779985 0.028658254316426407 -0.41687381346166497 -0.3850189523625952 0.8146677812425296 0.4336782361693786 0.7366607810649876 0.156458310683705 -0.40548601096147496 0.9006119541359372 -0.5324914246170087
0.9944060749432977 0.06303312572807536 -0.08475484161281238 0.7132144716728892 -0.07361473283855614 0.9890178328634301 -0.12815848542812858 0.02866301028481916 0.07574581985147605 0.1336807814873645 0.9881255079371016 -0.7003595856685151
0.9985323553310215 -0.02061945505328093 -0.050079670829474454 0.7248809828944995 0.029141330802487708 0.9839747389784965 0.17591047692295106 -0.27053511740973835 0.045649952860247145 -0.17711169110339886 0.9831314920590997 -0.6335284609912986
0.6745780015584467 0.14786667721435043 0.7232426740610644 -0.6879798459162073 -0.029651193321631242 0.9843701205412461 -0.17359801992020427 0.1672184970494334 -0.7376078406226545 0.09566039700523667 0.6684188521404711 0.7062023122715192
0.9564348450311386 -0.07288016635948996 -0.2827027919240903 0.692250551011526 0.14571448023496275 0.9582700567731615 0.24593858693140488 -0.7018364921837426 0.25298157533725074 -0.2764181246651072 0.92714256880833 -0.167972357438532
0.881257957729646 -0.12215789883430984 -0.4565762364496858 0.6327133717497351 -0.013241810244151594 0.9592610171655617 -0.2822108350293254 0.3898746325131919 0.4724500676258083 0.25474644001217706 0.843738813200798 -0.6690826257883139
0.9884803373511466 0.1454587711803141 -0.041813497305019875 0.5755107423309762 -0.14455884427741064 0.9892096584308868 0.0238115981871847 -0.4009498655340746 0.044825921199046714 -0.017492785763327856 0.9988416487286136 -0.7127598408930291
0.9865711198883846 -0.16231885774154164 -0.018166282604317796 -0.73835697076281 0.15121419754628207 0.9497494988509363 -0.2740623211841238 0.6159746593823284 0.06173890072403801 0.26763497128342006 0.9615403425148167 -0.27459825695876433
0.9727352302022183 0.17718163943631016 -0.1496423689003174 0.6064174363631862 -0.166403680065785 0.9826580943968978 0.08181005303030395 -0.35621098031601617 0.16154252438290417 -0.05467847988851371 0.9853498245055305 -0.7108949503105251
0.9687968645606159 0.029961764171428193 -0.24603846834439475 0.6899193592121496 -0.009885321570584818 0.996547658751594 0.0824320584127489 -0.18993670145831867 0.24765886948576304 -0.07742775035122997 0.9657484288574234 -0.6985236769240041
0.9019812430309028 0.07348023596698149 -0.42547678214288503 0.5809316798559019 0.05449225737395198 0.9581609237307318 0.2809950855829362 -0.3963309860103332 0.4283228117982022 -0.27663748689884265 0.8602390770800723 -0.7109431291375402
0.9485508550282378 0.0447061120497545 -0.3134527699201165 0.5269088966219508 0.04080219874356898 0.9644679996187657 0.2610299949987863 -0.4490525014601973 0.3139848021845787 -0.2603897871591183 0.9130228380168484 -0.7216085265522975
0.888599234143571 -0.11308490889715374 -0.4445258197891111 0.6789350078315136 0.0899470952143506 0.9932763105552891 -0.07288134845194143 0.135645529040187 0.4497787468766834 0.024778504179937485 0.8927962279202604 -0.7215591074833927
0.9691513289885041 -0.06560489705326412 -0.2375746177571308 0.7074832039142136 0.10937180218797474 0.9782923875983525 0.17601651414929642 -0.2884036380808713 0.22086989474795043 -0.19657060270993112 0.9552886934033521 -0.645206058341827
0.9664046543629305 0.256624581140355 0.014348114168825143 -0.5909789734545197 -0.25131378625172285 0.9551588546486156 -0.1565660985851265 0.23986125401415265 -0.053883437766049924 0.14770032749077214 0.9875632579200334 0.7702015526843607
0.9203914401653701 0.3840046524291427 -0.0736208108016286 -0.7159878694619156 -0.3909004792972246 0.9079125321968254 -0.15129986505330473 0.6932226107561433 0.008741404664919461 0.16803351092184407 0.9857425257397401 -0.08248504543142128
0.77654820681092 0.5394865378802628 0.3254645263999022 -0.5602596250583455 -0.18790331262017984 0.6913559029991672 -0.697652750653625 0.7265362259048112 -0.6013860886361673 0.4806051298458788 0.6382424943238411 0.3978118462005314
0.8633174712908397 0.43390128427168323 0.25770645950649623 -0.5771141150745179 -0.3275870772218143 0.8702688716928966 -0.36785703445719403 0.6605861570588065 -0.3838875494220393 0.23315609893321762 0.8934587751703964 0.48017208090853625
0.9596059152754743 -0.007602920842726346 -0.2812448807764861 0.6808486195393817 0.09859713272767306 0.9453285687914275 0.310857688411645 -0.5923642941045114 0.2635053942260044 -0.3260308154475734 0.9078925126865995 -0.4307548030392486
0.9774250925628316 -0.0897659574240701 0.19126489828580578 0.724564333366228 0.11837589249163735 0.9824975449736797 -0.14382531834659873 -0.1333311652785385 -0.17500667560224048 0.1632196281347076 0.9709438791640945 0.6761873462133262
0.7732529325927757 -0.09439434817204419 -0.6270323829515083 0.6935834418138299 0.044480438985672936 0.9944964030905851 -0.09485986921522775 0.09728816418409465 0.6325356849888502 0.04545999640412634 0.7731959621872211 -0.7137765913444979
0.9677810707201813 0.04766291168708903 -0.24724086637368034 0.6488482864274172 0.017061045188616564 0.9672508366508594 0.25324837558271557 -0.6085517036879274 0.2512144898145234 -0.24930717167326158 0.935273871258846 -0.45679396355329055
0.87366825998656 -0.010065341724514343 -0.4864179893754194 0.709727308856085 0.3117896794516516 0.7790817080948156 0.5438923495504429 -0.697585862212185 0.3734848956510732 -0.6268415916386157 0.6837972299684123 -0.09829095536000307
0.9558890750688596 0.15210416194083004 -0.25127753597223546 0.7424574801610047 0.029469051449220185 0.8014988885589593 0.5972697101355768 -0.6555381981250096 0.292245874514395 -0.5783285014237416 0.7616616658794678 -0.13793680057180902
0.8851880196558746 -0.46519746518689675 0.005786902573692854 0.4736936384187306 0.46520513250087436 0.8849283931338904 -0.022043677558767905 0.3781064543366104 0.005133668527975477 0.022204896062742813 0.9997402602867846 -0.795392887892909
0.995272457765334 0.09711324357014578 -0.0013239097541988265 -0.7202930948251851 -0.09504714353692978 0.9767196266538779 0.1923143557163109 0.46877979680392784 0.01996935950955836 -0.19127934763689233 0.9813324797683929 0.5112957653409865
0.10344342362890857 0.5661551635521275 0.8177822380629174 0.6231017821014495 -0.4724025586188505 0.7515056619669802 -0.4605160829351505 -0.17169528508114384 -0.8752915404128463 -0.3386850613989857 0.34519146638767273 0.7630628402844043
0.9271127266585414 0.26399195248633645 -0.2660267676197578 -0.6464839465581131 -0.15182937159931148 0.9135188040941722 0.3774006312741289 0.683368829852554 0.34265118413267237 -0.3095022513469088 0.8870166415708738 -0.3392131324530312
0.9891012277542366 -0.0017613535247633372 0.14722655633010656 0.657088678101931 0.016602531704978635 0.9948853135704195 -0.0996371857434436 -0.3400297190354894 -0.14629804235206462 0.10099559631810243 0.9840715280548991 0.6727661252492599
0.9926444374202967 0.01837093774607701 -0.11966423653235758 -0.6808335485862679 -0.0040081488940779675 0.992864965175448 0.11917674131137738 0.666142222468948 0.12099981653285742 -0.11782049725529853 0.9856355182447155 -0.3044999483802268
0.986247396296873 -0.08555516539089397 0.14140858167938708 0.7054810725868496 0.11617260436352733 0.9674251655933301 -0.22492771054744 -0.5818432606596766 -0.11755849307061769 0.23826217209547612 0.9640597170587055 0.40466637647156195
