0.9990900731017882 -0.024351414236057405 0.035014774798185155 -0.7042423981741449 0.02483620860045363 0.9996006771832942 -0.013477719282348075 -0.0817821937831841 -0.03467259107448456 0.014335089794032113 0.9992959104433374 0.7052335197606101
0.7659430291690673 0.1038684210357168 -0.6344624710562946 0.6422531709903682 0.11315566215662341 0.949677049790373 0.29207755343974917 -0.2953878424110171 0.6328720820112143 -0.2955077870598333 0.7156452162893222 -0.707288404336294
0.9983197499300553 0.05757930383488798 0.006503896484497451 -0.6902666232514104 -0.057522269542713875 0.9983068345402133 -0.008640174590532429 0.15398301704347914 -0.006990379549550618 0.008251538049913187 0.999941521646923 0.7069803528297537
0.9803478855268748 -0.03941053888084416 -0.19329985196090288 -0.7075632121334879 0.028371626215909496 0.9978221638188022 -0.05954813362170293 0.006541738048532637 0.19522570058486205 0.05289365573568298 0.9793309895097086 -0.7066197750549056
0.9993969469259232 0.0053676333010464344 -0.034306427792588357 -0.7046415957164516 -0.008020863102646492 0.9969463961735674 -0.07767592234163825 0.18989811091011694 0.03378473368595941 0.07790424679875364 0.9963882376365585 -0.6836804290448437
0.9957521356514196 0.002886736720625366 0.0920290774524154 0.691787232861087 0.010243793555237551 0.9898299680191888 -0.14188621886825017 -0.30029959254597544 -0.091502726949717 0.14222623232806622 0.9855957334518695 0.6566967177983467
0.976476928042273 0.17348348083469567 -0.12804800224370239 -0.5887532965170427 -0.17144461425753316 0.9848274932808058 0.02686173338282377 0.41031345773673533 0.13076526007778605 -0.004276722544430955 0.9914041337421721 -0.6964283324509705
0.94707227433538 0.1337801296342533 -0.29181669606150495 -0.6932617489026522 -0.14472302374329693 0.9893406104049315 -0.01613700722545977 0.36146380174470055 0.28654729728930906 0.05751550676678224 0.9563381268659911 -0.6234838149757408
0.9872669791178956 0.09897725641945393 -0.12452877039102972 -0.6543217243884661 -0.10553515213517117 0.9932947569659067 -0.04720018482851207 0.5138378976432784 0.11902202992400368 0.059741346617874225 0.9910926938975244 -0.5548276272310526
0.9970383842351505 0.05972980287510993 -0.04844389549015604 -0.6511111286041308 -0.06282372604958664 0.9959004863942239 -0.06507995578513295 0.5829067466764697 0.044358086151310705 0.06793063998115248 0.9967034605863191 -0.48608026383192005
0.9979988864335314 0.04973312940280217 0.0390491807498648 -0.7049954955850638 -0.042043572349788005 0.9831920130945225 -0.17766767688920868 0.6685716518686249 -0.04722881219657768 0.17567037663460597 0.9833154926429036 -0.23662902933162844
0.9987624948192289 0.048235170548843576 -0.012118055314012166 -0.6206380933513541 -0.04892594168033754 0.996667312173541 -0.06527266713917129 0.5350483429136988 0.008929231386950731 0.06578477914299613 0.9977938823524352 -0.5731767858405474
0.9937877633212056 0.09709356617002521 -0.054394125431173446 -0.629179910610365 -0.0990237175509063 0.9945045750516752 -0.03398460774651951 0.43030783796477845 0.050795519836237535 0.039159795832887034 0.9979410431257412 -0.6472772239700785
0.9922671787331967 -0.01836534788076466 0.12275406309397875 -0.6994083517182706 0.04153958661121787 0.9810986675442094 -0.18899700338139191 0.7037597873805672 -0.11696285202161902 0.19263467637005344 0.9742748958619296 0.12470011713222513
0.9775848340506674 0.20605964080938793 0.043212459587893264 0.7072502426541665 -0.20099707609520645 0.9744952023075776 -0.09979617267556584 -0.7069284044587191 -0.06267429804399079 0.08887364687588602 0.9940691159349403 0.007023192655221118
0.9949568402684785 0.050661583484275186 0.08656956718057343 -0.6849365463308441 -0.051887812401671285 0.9985811536677492 0.011972237207634018 0.6128916206167423 -0.08584020577290666 -0.016403764764611556 0.9961738681447191 0.393987041510452
0.997162516969518 -0.06058425952285934 0.044681788785615434 0.7065818216917623 0.0584838355103377 0.9971857453137458 0.0469066128287811 -0.7075921107305367 -0.047397845257092494 -0.044160353725216456 0.99789944755163 0.0074521196081509125
0.9923144781651063 0.056393306778317706 0.11014432066393354 -0.7057976786918618 -0.062306247805640064 0.9967532794360344 0.05099834720746643 0.24084442567364842 -0.10691074739377249 -0.05746907763413016 0.9926063656896356 0.6662158804585115
0.9967703157582579 0.05890380132978239 0.05458277944630141 0.6830947072027809 -0.0568252630885524 0.9976267350232483 -0.03888170574666806 -0.1988511600747924 -0.05674352031817237 0.03565444931218542 0.9977519396854839 0.7027373884520849
0.9501751418141178 0.24893429060285582 -0.18761374907126152 -0.6581192818943461 -0.24317485726077723 0.9685063983923626 0.053491542034751954 0.5671485050732918 0.1950209954715699 -0.005203386888163047 0.9807852650250055 -0.49519852987665514
0.8340071787960366 0.2246695460048237 -0.5039400964545906 -0.6872206493470445 -0.1993148312654715 0.9743447061102669 0.10452746869849325 0.2690873523123212 0.5144955041147512 0.013266076016830927 0.8573904521703186 -0.674773870223626
0.9153286747901926 -0.07185159175699292 0.3962458401911826 0.5649402096210928 -0.06743105552433717 0.9427162953244715 0.32670941106827256 0.44189601449618965 -0.39702200173000923 -0.3257657675258254 0.8580502286291904 0.6968288684646029
0.9385695739168853 0.06959844879997582 0.3379988326046599 0.7066935567755086 -0.08128835492197911 0.9964790249223131 0.020536704797852745 -0.004360274525284283 -0.335379424341378 -0.04675049533976007 0.9409224372465207 0.7075063284650147
0.9836384866740929 -0.06602194882154666 0.16761989681211895 0.3253562662327032 -0.004966010900216811 0.9201372325402843 0.3915645694248212 0.6345617201359665 -0.1800851639342876 -0.385990382738886 0.9047545292309116 0.7010525824509869
0.9489706699569892 -0.03995900490901347 0.31282254632309475 0.6297014674101237 -0.02460341548805081 0.9795360650094487 0.19975927836305268 0.3567601341288643 -0.3144031480562903 -0.1972621992995278 0.9285678678587839 0.6900712054838194
0.9576305648807686 -0.003556962023464956 0.2879775151419016 0.7025246112585738 -0.01748435469047005 0.9973613044983939 0.07046080918014119 0.12489349832506996 -0.28746825659052977 -0.0725105255147559 0.955041478231378 0.7006145763914103
0.9934212692809399 0.11366886049079625 -0.013913011714624779 -0.6415481884610776 -0.11394453184040954 0.9932661859006634 -0.020950599275882137 0.3078613641391553 0.011437893333887506 0.022398082531156244 0.9996837002247304 -0.7025932695042617
0.9773627003774142 0.0902883210873435 0.19133784514883068 0.6927603730016519 -0.09326469463381332 0.9956195504886234 0.00658843074586099 -0.08967653804182164 -0.18990484102789612 -0.02428435216472192 0.981502125109319 0.715570530502372
0.9757385650025474 0.08541286803233109 0.20159090937158164 0.6927693600290135 -0.08487935316264075 0.9963270948394084 -0.011305551537017178 -0.0961688003298847 -0.2018161246616864 -0.006079643357636947 0.9794045587821116 0.714718249136051
0.9696857693636778 0.04955363723408185 0.23927796749898533 0.7086933159094095 -0.0578421520351601 0.9979403178145433 0.027738196194962785 0.02181470317146864 -0.23741060242018241 -0.04073768669281351 0.9705548138778173 0.7051793408139995
0.9803258240529414 -0.03731345621403671 0.19382720314828356 0.6973662601220597 0.0392313250481886 0.9992117526965009 -0.006064355542823155 0.09973827722352974 -0.19344813731304344 0.013549142354759743 0.9810169411949841 0.7097412030450635
0.9285715486273516 0.0380011461934999 0.3692029143543995 0.7015527800406965 -0.015737176516336892 0.997881269118369 -0.06312934355754407 -0.07987351465973692 -0.3708196601517981 0.052809900877515595 0.9272021861569417 0.708127049669105
0.9723685054430402 -0.028360853634351788 0.23172214310160083 0.707642709083893 0.04810436405043064 0.9956333177440231 -0.08000166721595553 -0.09428307009611217 -0.22844137055658598 0.08893794791403614 0.9694867619720595 0.7002517397148401
0.963897406851095 -0.019924930739847878 0.26552737373149926 0.7069709966738603 0.03733904035289389 0.9974575996676074 -0.06069705866728469 -0.06963231216908632 -0.26364291215820695 0.06842027477544285 0.9621907715564482 0.7038063305796244
0.9952844748708195 -0.03720061087804409 0.0895819659943774 0.6975344497519621 0.04498361688190075 0.9952364907346053 -0.08649162804856107 -0.22089588073964897 -0.08593770007010793 0.0901134954408529 0.9922168460805794 0.6816529184867341
0.9777470526631666 0.019782315333663737 0.20885248623976232 0.7010540880016258 -0.010867837404257702 0.9989836241876628 -0.04374481357872222 -0.09576592849340636 -0.2095055873208282 0.04050158768396662 0.9769682851947818 0.7066484646809927
0.9886891560119739 0.0465945705209999 0.14255770334252027 0.6803269111523934 -0.03939941213268432 0.997822988431364 -0.052886388433138004 -0.19755352215580577 -0.1447115721285943 0.04667150903779971 0.9883725669686532 0.7057817650277449
0.9952616777418732 0.07339873810357239 0.06377160859846087 0.6465515753573962 -0.06983222386433416 0.9959594487108422 -0.056464475856561086 -0.3155489572134168 -0.06765835741867754 0.051743615725980435 0.9963658689974324 0.6945501536997848
0.9697338688683672 0.03522866398998248 0.24160952961973503 0.6981991246381746 -0.03135748866776435 0.9993111031856178 -0.019850112201062774 -0.09093137427034766 -0.2421423785173502 0.011673058015133117 0.9701705047271515 0.7101052510211376
0.9994345612869586 -0.010625225964570939 -0.0319008193992939 -0.645511444629796 0.008438142928593628 0.9976545951118532 -0.0679272154303456 0.4928758812592095 0.0325477410746306 0.06761962307944197 0.9971801397568708 -0.5834280937055666
0.9826313833026621 0.11632310748161284 -0.14458388296943092 -0.6091331304066142 -0.10763732246436775 0.9919611968273335 0.06653713851365478 0.49630418893736994 0.1511614083071426 -0.04981885842434239 0.9872529108510628 -0.6185781935085152
0.9950215345302337 0.03838595360108524 0.09197099753310684 0.6802291837919072 -0.03332321810477086 0.9978765077435744 -0.05596461764927972 -0.23449163983942628 -0.09392395304841705 0.05262123012267503 0.9941877575106906 0.694479609753384
0.9940006084594637 0.0036829351081918427 0.10931251699235855 0.6962776544772845 0.0016581303912751033 0.9988106390072901 -0.04872943678572936 -0.1709720121816217 -0.1093619723021737 0.048618344221473805 0.9928122761224001 0.697112615669935
0.9918318274769441 0.12609971069964493 0.019196066399427753 -0.6989378902493513 -0.12657095084721953 0.9916242754224718 0.025711685951882016 0.6842390872886498 -0.01579304927416164 -0.027931332841870438 0.9994850775475843 0.2080930008438077
0.9999088141928529 -0.010485587292944909 0.008509744917742534 -0.5929193958213458 0.0104670916182929 0.9999427650125157 0.002215105455504518 0.54767472093819 -0.008532484544215513 -0.0021258311896233395 0.999961338027254 0.590338030372537
0.9981757515307041 0.03772844019002208 0.0471352718984597 -0.6771941182586337 -0.03792400345211555 0.9992753043620715 0.0032612964068428896 0.6443442130361687 -0.046978069546094875 -0.005042905206058407 0.9988831914136933 0.35528673113798126
0.9995482912691493 -0.025333596286378046 -0.016168559618067846 -0.6812218923817533 0.026401843714781492 0.9972193502683422 0.06968866549766942 0.6374079679862815 0.014358135999650079 -0.07008406630315198 0.9974377512311388 0.3600664045525805
0.999664655104759 -0.01808570329472803 0.018533339435137103 -0.6653350211697022 0.018145528837490432 0.9998306586883241 -0.0030649192614674303 0.6466620439816897 -0.018474769754742326 0.0034001887016142096 0.9998235452315087 0.37303821584193675
0.9987180622042535 0.011561247109077466 0.04928052142848699 -0.6416560575659646 -0.010340473748397527 0.9996350871402326 -0.024955303259999284 0.6081951530642313 -0.04955105276015248 0.0244137281754076 0.9984731659123035 0.4673073502290327
0.993983243409682 0.02785354758059011 0.10593154255435205 -0.6917128438023897 -0.018007609018571236 0.9955226822640914 -0.09279178366182507 0.684425765283795 -0.10804183374139376 0.09032590428489748 0.9900344403993796 0.23042290149744768
0.9999276961669281 -0.0023072914633736064 0.01180164583449084 0.7069214606117393 0.002920687274734657 0.9986310626697155 -0.05222518795560063 -0.7072462943959537 -0.011664991390607005 0.05225588079113913 0.9985655966928761 -0.008045345844465746
0.9707793565279209 -0.05584093686312973 0.23338644071471626 0.7087316850256986 0.10149994784694122 0.97681872356765 -0.18847530839538415 -0.2893611743423622 -0.21745160732058028 0.2066566501661994 0.9539433040887606 0.6434046234088182
0.951667900034094 0.18409298808243846 0.24584137117982655 -0.613375246109948 -0.1527307155340779 0.978126157925629 -0.14121808564803712 0.5049708461898734 -0.26646113520952125 0.09684519048732851 0.9589679204761369 0.607268681851653
0.965444644914823 0.22424769876174516 0.13277653107892595 -0.6891020240576988 -0.2137027178210653 0.9728235897357744 -0.0891370385950306 0.677251118921461 -0.14915691737623682 0.05768217102071854 0.9871296678477227 0.2578164509088047
0.996812917601369 0.07891713675104123 0.011665883166896374 -0.7048811128869631 -0.07968459949049084 0.9919322747414567 0.09859374691266834 0.6725291469828357 -0.0037910298187031344 -0.09920911174512465 0.9950593852829374 0.22549315544773338
0.9889573282729771 0.14033227547444493 0.0476471963009277 -0.7079108898672196 -0.14319729876537907 0.9876706248580066 0.06325559594924085 0.6815816257398675 -0.038182934427220344 -0.06938003497231282 0.9968593051508158 0.18522596864694865
0.9985979882514656 -0.047241326320291654 0.023881267713954824 -0.6581244402442203 0.04841771856528898 0.9975063162743374 -0.05135049680124526 0.6647088179638282 -0.021395849809211748 0.05243477930059354 0.9983951179421101 0.3536020481761415
0.9872125013569029 0.04119580185596561 -0.15399475015107134 -0.6117385038883939 0.005650887998530585 0.9563798248749784 0.29207139202074145 0.6829937163259002 0.15930958737463036 -0.2892067365770541 0.9439173262998066 -0.39911851162245715
0.9874384708984764 0.0011622456347976373 -0.1579997321983912 0.6666485801224182 0.012518342408059241 0.9962540870201778 0.08556334027459717 -0.27699661950608145 0.15750732456947364 -0.08646642863375531 0.9837250629247436 -0.6919917220624587
0.9977457560420122 0.012308759871238972 0.06596893761905237 -0.6536096268539735 -0.013111187366005861 0.9998450685827264 0.011744598616255542 0.5759743820911801 -0.06581415551389924 -0.012583054527245618 0.9977525563348644 0.490966360210649
0.9978682243925949 -0.026901960348100384 -0.059458315457127514 0.7055583858323776 0.03428988887056833 0.9913157734277509 0.1269536957893861 -0.7080272262550645 0.0555266626839227 -0.1287218780268884 0.9901249758734585 0.029745773870743387
0.998276847933415 -0.04736421949531644 -0.03464051950714121 0.7052922918797875 0.04956959751939144 0.9965974454377766 0.06585124713066226 -0.7016529298779653 0.03140366032631674 -0.06745489202791397 0.9972279817873199 -0.10122227525907437
0.9955320503869234 0.0456050665410237 0.08268079921116181 -0.6315649491089946 -0.03282026475875427 0.9881605810967645 -0.1498715990028472 0.6659256671452363 -0.08853681083918064 0.14648837452949565 0.9852422997690128 0.3970752081081428
0.9990529309469214 -0.013953720501497069 -0.04121328487917329 0.703900353291541 0.01636330923700019 0.9981403783086101 0.05871990549003829 -0.7013881417538987 0.04031728261155609 -0.05933867940989973 0.9974233994892586 -0.112155995127576
0.9962620827604881 -0.011434458123763758 -0.08562193422920461 0.7074044499862019 0.021941134438291432 0.9921894473659397 0.12279530591692814 -0.7065968923290052 0.08354908182197475 -0.12421494959580043 0.9887316103086912 -0.017314037389107452
0.9998310715185998 0.018366135360018965 0.0007165876815822259 -0.6627378866079693 -0.01837859998827107 0.9984892008243821 0.051783616130561316 0.6239138440718724 0.00023555984178147416 -0.05178803828128328 0.998658071415105 0.4141376689337276
0.992186379054243 -0.01946282562488222 -0.12323711956194605 -0.6718571483759666 0.028758703073073877 0.9968355232147507 0.07410719705082086 0.650221391716736 0.12140480310426245 -0.07707229123277623 0.989606353914194 -0.35471131068809403
0.9739127379261228 0.22360786044995962 0.038645874944612746 -0.662068392019887 -0.22468159867233722 0.974083383253624 0.02607185622882438 0.6132762030354666 -0.03181443262555855 -0.03407472984727719 0.9989127863144753 0.43076413857075235
0.9906128574557985 0.09609335538585978 -0.09722259867924105 -0.6980587443583287 -0.08697462306212678 0.9917613486317163 0.09404702176783966 0.6976887136334821 0.1054589094693229 -0.08470829009539987 0.9908092268457409 -0.16107280432565393
0.9996741161374936 0.02551462984043877 -0.0008155910902201136 -0.7040280690031447 -0.025498596135758986 0.9995503123628829 0.015779564327605515 0.09055484531403739 0.0012178340718525527 -0.015753625594411298 0.999875162288175 0.7043751117450514
0.8878114544389164 0.37970111664112993 0.26003438885758046 -0.6928565139032644 -0.3717591185766271 0.9247801891527628 -0.08109722255237738 0.5811367325965104 -0.27126735727356827 -0.024671112096123354 0.962187797213078 0.426883999663688
0.866437577774904 0.4484590013033294 -0.2194776707767283 -0.7031872833906844 -0.44544546962211873 0.8928787081291656 0.06592379056700676 0.6598565226942299 0.22553105642613314 0.040646484714091255 0.9733876955600476 -0.26479617432188995
0.9998632566925825 0.01508083937973237 0.006784998135956788 -0.6581314890330946 -0.015470528193505584 0.9979803230349686 0.061611180742078414 0.5639626062588307 -0.005842146310747143 -0.06170772333040514 0.9980771644556656 0.4988077003062691
0.9554836748486092 0.2950439715145607 4.4392709488944027e-05 -0.7111111519085498 -0.2925838122674924 0.9474971732751862 0.1290109275780624 0.6869510945660315 0.03802183447465421 -0.12328082376609402 0.991643171001916 0.14973016832230748
0.9697438927750728 0.012614805620621089 -0.2437983779777913 0.6652054378255768 0.022818699008210264 0.9896079446623467 0.14196979550854671 -0.30467568726772126 0.24305573311695533 -0.14323750395870424 0.9593784071254988 -0.6816703390020903
0.9903693744044617 0.13609133219193398 -0.025448998878928 0.7094922902587155 -0.13199903994604106 0.9835892625334897 0.12299762632729581 -0.7029692070995717 0.04177027286286783 -0.1184538388193914 0.9920806078005512 -0.049547794433678315
0.9350404737732809 0.26965176771563915 -0.23018956660472153 -0.6254330560627172 -0.2457390341971859 0.9609206242662992 0.12745148461865968 0.549058804869315 0.25556142016680206 -0.06260573478122697 0.9647636407404822 -0.5544077210677442
0.9972743882197114 0.06397679293260095 0.03675274910884502 -0.7155763854469089 -0.06893578142570367 0.9854965268358657 0.15506274095885747 0.5878079259118033 -0.0262992897285505 -0.15717367960477668 0.9872207361068085 0.3774020122177417
0.9899790043640315 0.05428121886803006 -0.13036533356917215 0.6940835150971454 -0.018698999817752138 0.9654312985302738 0.2599860673650899 -0.711523684243488 0.13997113389630106 -0.25494304676996066 0.9567717202025954 0.10946287421296873
0.9999192067337269 -0.004789755552100539 0.01177447437233825 -0.6702771432238439 0.004036693951998349 0.9979946754998577 0.06316908085346415 0.6134367416709828 -0.012053427186141996 -0.06311644726760782 0.9979333790275701 0.4176408926814642
0.9981043725167049 0.05902508685942631 -0.01742701019313586 0.6686335443033565 -0.05650164445729594 0.9910768328533207 0.12072396429480026 -0.5398688019831015 0.024397248546830508 -0.11951046189630446 0.9925331348426994 -0.51134221425349
0.9846227479919291 0.12827646049076058 -0.11858833762552098 -0.6404682092272009 -0.11651654069813033 0.988008832237941 0.10130371742221622 0.6300147234429117 0.13016120727990782 -0.08592844176279246 0.9877623008678024 -0.4391832433215704
0.9792324976991574 0.20260421544419932 -0.007432855044362835 0.7169562318038301 -0.19765586268579488 0.9621911900083621 0.1874040389538786 -0.6575291919059751 0.045120675923619735 -0.1820429777677049 0.9822547932434145 -0.23157962662792284
0.9831127641837722 0.1830007920433533 -5.4867547109316295e-05 -0.7118254591487311 -0.1802581811632618 0.9684305973630943 0.17218933246479812 0.569836251936701 0.03156391963389715 -0.16927164027817948 0.9850638714189449 0.4105985407748437
0.98905769398498 0.14652072798334287 0.017220750284024422 -0.6808955398853362 -0.14737399117584282 0.9866164502793078 0.06977740868763166 0.6028421841328738 -0.006766438798667451 -0.0715517736292359 0.997413935633794 0.41588768290749195
0.9520819120721479 0.20140550131162738 -0.23016484689555683 -0.6099977409298256 -0.10482034518482491 0.9218589734336113 0.37308005620143025 0.6817438599393284 0.2873199052282618 -0.33107681456323734 0.8987966482571473 -0.40389115550545884
0.9968912832510316 0.04345892267766821 -0.06571979471824424 0.704126247828253 -0.03547255179231601 0.992362118132548 0.11814873915884337 -0.6866954964731616 0.0703524516094012 -0.11545019937262739 0.9908187442803892 -0.18070839007302242
0.9692972085449405 0.21543677883629342 -0.11853234086791864 0.7070813715045736 -0.19884970953313524 0.9703330122516249 0.13752322841351436 -0.7071313640258046 0.14464340470817927 -0.1097307598594395 0.9833806210288546 0.001080778523168034
0.9975929516969954 0.06797108355376169 0.013719858782213434 -0.6449562924409923 -0.06760140868305631 0.9973783439230715 -0.025816440834046717 0.63352850439453 -0.01543866148805434 0.02482681763333716 0.9995725470708259 0.4274026379895182
0.9956517541713825 0.0906316750242285 0.021528676172751338 -0.6521045110478412 -0.09150018174099583 0.9948532757330033 0.04352788192270968 0.44052527588805 -0.017472869163744686 -0.0453084897741603 0.9988202238629189 0.6170066352761643
0.9808677691262743 -0.014124872067175442 -0.19416206498266286 0.6506618994621469 -0.02106164114626355 0.9838106222165375 -0.17796928635620038 0.4358107625748395 0.19353249536310907 0.17865370861808355 0.9646906372695514 -0.6218585625463786
0.9695945234778944 0.10891140965365548 0.21914553358197503 -0.5324452242297565 -0.023607091833306837 0.9329563480165726 -0.3592146404460057 0.6197245920945158 -0.24357578955398798 0.34311915939339943 0.9071604473301943 0.5765791473407709
0.9948906036064477 0.0193445932276613 -0.0990882110467982 -0.6973449672881429 -0.006757187939411047 0.9920294786471979 0.12582469513621108 0.7044003327778524 0.10073245389024318 -0.12451224922803905 0.9870915218587509 -0.13240153994704884
0.977244038241305 0.13275383715074957 0.16544034708492017 -0.5816092219194104 -0.1059067053351847 0.981139036085556 -0.16170949766217085 0.5549005370316632 -0.18378753898693173 0.14050840042807952 0.9728717952136702 0.5948244337451766
0.9991516148703286 0.04118183463530978 -0.0003271056171280651 0.5770306428840799 -0.041183124564261125 0.9991145831777363 -0.008602321355499265 -0.46004482390093904 -2.744338322963058e-05 0.008608494505356279 0.999962945848101 -0.6748291614732869
0.996346191736085 -0.02374488757739867 0.0820392986740931 0.7098333742915066 0.03135796118603121 0.9951915054676911 -0.09279302622075739 -0.13949310051655978 -0.07944145317940593 0.09502656343826975 0.992299857783854 0.6904188986768908
0.9560394406029362 0.2647878200790907 0.12599999344994944 -0.6870641922200906 -0.2689551722237904 0.9630028917656658 0.016986635483102724 0.5471030676597621 -0.11684050387470735 -0.05012824342351915 0.9918847996947917 0.4781433144217662
0.9958123653421493 -0.003866947428362584 -0.09133881841396752 0.7069847714190626 0.0041182969046763725 0.9999882339240704 0.0025635218007780403 -0.022254738322907797 0.09132783071045975 -0.002928947081189983 0.9958165737758722 -0.706878532425278
0.9849523448769337 -0.0017711685460980522 -0.17281707462924706 0.7083738633538997 -0.011292436194352287 0.9971511214685234 -0.07457963420977069 0.13744936169457758 0.17245683287775493 0.0754089113835231 0.9821263344792901 -0.6923251712070159
0.9307608216007004 0.22908751489112028 0.2849617579504301 -0.6944810169775127 -0.22645434158564715 0.9730884910388434 -0.042628860936663376 0.48613242665831413 -0.2870587468623794 -0.024853553644442333 0.957590505759661 0.530444512469663
0.9903241688382924 0.1361182437045664 -0.02701600165696688 -0.6556688653889534 -0.1366199536837383 0.9904657951370041 -0.017677582387739005 0.2997185157723675 0.02435218409502854 0.021197461980302645 0.9994786834822417 -0.693013095303957
0.9592170431809097 0.18053151444816493 0.21751100285347652 -0.6832204297468715 -0.18039863818948065 0.9833770307037012 -0.020638479201562282 0.33837936684710684 -0.21762122003760098 -0.019441907710521983 0.9758396470803601 0.6470774671309852
0.9869653347884069 0.06564523556642929 -0.14693580562080927 0.6903751217972748 -0.06771688636980429 0.9976627465344492 -0.00913605372785524 -0.12471188803952987 0.145992641000796 0.018967003579037578 0.989103837596865 -0.7126213133109437
0.9907849000159761 0.08557883260374594 -0.10498354780874991 0.6693144917987668 -0.0808830383000558 0.9955571477018315 0.04820684365466621 -0.269753686788805 0.10864260681557558 -0.03927122445218331 0.9933048650411123 -0.6922796108018825
0.9897749753248759 0.03088937408964795 -0.13925280890880276 0.7071999692699952 -0.035608913845899724 0.9988683478529294 -0.031528224058362427 0.0019728436532960567 0.13812133606129456 0.0361644884646361 0.9897548314096447 -0.7070108283134267
0.9893825110958749 0.025271302897860563 -0.14312095579427042 0.7075657178576509 -0.031039078744692597 0.9987874949595914 -0.03821145774535395 0.0070862424284563715 0.14198176759112985 0.04224809063364629 0.9889672777749068 -0.7066120152395036
0.9793597997090944 0.10937139537918153 0.16997729432654618 -0.690592646532604 -0.11101812512243218 0.9938183645898764 0.00018465698879216452 0.23944195676097552 -0.16890636047248925 -0.01905140616107545 0.9854479617489819 0.6824583107396152
0.9962462070012943 0.05831125648124674 0.06397884340243026 -0.6997464862608508 -0.055661318439254266 0.9975469411063964 -0.042449003744208555 0.07061343578555539 -0.06629715427632155 0.0387285121951537 0.9970480377985864 0.7108928172742724
0.9941889525320801 0.09182833595081855 -0.0561772496627328 -0.6587635398246732 -0.09237309241385444 0.9956986289911229 -0.007173006559271028 0.2983722255418357 0.05527692521357297 0.012320590152319094 0.9983950443573082 -0.6906552060347322
0.9973968914327984 0.06240779711271591 -0.036120739468186 -0.6622971793442813 -0.0635866621483473 0.9974481820992946 -0.03246321647102246 0.3167779289527107 0.03400260809147476 0.03467550845121975 0.9988200197015613 -0.6789802574162523
0.9821342548204761 0.14063686220775645 -0.12503430927783185 -0.6537390041177238 -0.1302140013877301 0.9875739066295923 0.08798916289499725 0.6385696745342875 0.13585514105408045 -0.07013595321033825 0.9882430514384877 -0.4060222718772223
0.9824534820687721 0.18331431264857062 0.034365947522608 0.7052528400952721 -0.1851002124322602 0.9809388355805853 0.059134695461611216 -0.7084956548431326 -0.022870656494222732 -0.06445823165420703 0.997658292925757 0.025540920225262692
0.9966304289625287 0.02743200974100285 0.07729988944063876 -0.6699510762892142 -0.029670020823982457 0.9991687876627626 0.0279539554415677 0.5634020371998063 -0.07646880364089609 -0.030153251932323988 0.9966159257545684 0.4834704746497263
0.990892926606461 0.0969724975206907 -0.09342131836942971 -0.6878535196549538 -0.07622899754406082 0.9759023041389014 0.20445985598598698 0.7102527507479703 0.11099706273010228 -0.19547641162294382 0.9744068065055311 -0.14966150324393238
0.9837899405049919 0.13147704436207253 -0.1219472827372463 -0.641638025462745 -0.10337633247151667 0.9714755383273634 0.2134212086843696 0.6863520803643556 0.14652879186672751 -0.19735517534985592 0.9693194767034781 -0.3423762054521176
0.9972618652738288 0.016010643202731767 0.07219717013013219 -0.6693306593435774 -0.013260096066032845 0.9991737956066091 -0.03841739222542273 0.6387816211472901 -0.07275260767068101 0.03735485881806014 0.9966502258063252 0.3794133747604741
0.9953932321789906 0.08059405005754933 0.051931805549043863 -0.6980568354957812 -0.08232744350444249 0.9960866818237359 0.03214831783160946 0.6614641409300777 -0.0491376167338759 -0.03627563078294588 0.9981330438538811 0.2741930792001326
0.994076969322733 0.07934362248745558 -0.07426687439698629 -0.6560694732298488 -0.07483658233187568 0.9952899225276974 0.06162350249454293 0.6565965070823291 0.07880650358323266 -0.05570062553848576 0.9953325953205829 -0.37209390371678186
0.9947788698543438 0.0007781149456655145 0.10205094134032094 0.6683806543411467 0.012291737164697947 0.9917777862814855 -0.12738028040505162 -0.3368502177356457 -0.10131097319041155 0.12796959473143182 0.9865900209993431 0.6631736060142537
0.9805968263223633 -0.03209771327155672 0.19338976448934841 0.6929356909612072 0.07329313830544062 0.9749901544499325 -0.20981495323984006 -0.3481773270409278 -0.18181853613932852 0.21991802001753646 0.9584247932872554 0.6313578043603717
0.9552751834114419 -0.003912332339150306 0.2956924375324879 0.7064037912974493 0.02375843002149835 0.9976955395271243 -0.06355428711419775 -0.07961734977004603 -0.29476238050529746 0.0677370213646006 0.9531667403846518 0.70331697068689
0.940179659462116 -0.008599797732557242 0.34057047936170026 0.7070631527951305 0.014247726214145029 0.9997992701980215 -0.014086220544582343 0.0016409000362498248 -0.3403809780693185 0.018095932981279365 0.9401134649488383 0.7071485030787245
0.9906818817256955 0.09021341626535481 -0.10203405679560668 -0.6399090980226111 -0.09262206807173204 0.9955179242846431 -0.019110597429470633 0.4332816812689006 0.09985270014651898 0.028383127976487926 0.9945973237042816 -0.6346521338061372
0.9862668436723877 0.08257876642933687 -0.14303307452304492 -0.6260021786370373 -0.07878015322003362 0.9963773196888405 0.03203005258050351 0.5349853596648951 0.14515991365089054 -0.020322011334775847 0.9891994820682908 -0.5673728379874255
0.8752910411052617 0.36529167290474984 -0.3169031193713891 -0.6793639146042779 -0.3317846486050083 0.9303625188371127 0.15602733892851822 0.6144634480976644 0.3518302720217784 -0.031425741829158804 0.9355361470512877 -0.4011226028105125
0.9555233075268876 0.29326343659978626 -0.031173153939891986 -0.7052485059286507 -0.290857196269571 0.9545702277610915 0.06479021261226225 0.707833169171744 0.04875756506513711 -0.05284162209680228 0.9974118822347653 -0.03995934816398795
0.9795202496484663 0.1634785815277548 -0.1175365216019239 -0.66699490250357 -0.16739567992005916 0.9855927880023492 -0.024197987144750105 0.5458781888920623 0.11188729540348807 0.04337752435800879 0.9927737020629943 -0.5070846112101759
0.9975029701936658 0.003443478169059974 -0.0705405338292372 0.7113904014828815 -0.009817553294850442 0.9958739815295201 -0.0902143478602157 0.17816811721202255 0.06993883114634752 0.09068161539496541 0.9934210610447325 -0.6798380826984817
0.9730176543132771 0.22651470148535463 -0.043905972323684844 -0.701661801662745 -0.22864830042043038 0.9721253479751217 -0.051887017057227924 0.6757250630799597 0.030928936443664762 0.06052600957645393 0.9976873273000989 -0.2259786609681875
0.9964135265416637 0.04090011669144199 -0.0740760729212317 0.703944422395577 -0.04238336295242762 0.9989289665726339 -0.018562604530944736 -0.04433269629546267 0.07323752227955227 0.021635623327187093 0.9970798188377881 -0.7088701307131877
0.9841523620435195 0.15798052372219382 0.08053745966084613 -0.6674316330094634 -0.16149024739153114 0.9861007719746715 0.039066193932600385 0.49344781263434473 -0.07324635336713431 -0.05145310131973427 0.9959857178107516 0.5577134313110108
0.9992437174051603 0.029870942225812575 0.024894176766031118 -0.6489553044828494 -0.030439974992231417 0.9992764890091813 0.022801456882308696 0.371641327725866 -0.024195064554337897 -0.023541990655541523 0.9994300243274595 0.6638823211305809
0.9942909079764513 0.006775471006262038 -0.10648794912105342 0.6988448781076163 -0.008401087331274898 0.9998548164758367 -0.014824564132648543 -0.08473193640912895 0.10637204542085799 0.015634543892100408 0.9942034746420216 -0.7102368163472732
0.9998597475790648 -0.005503621295187805 0.015817563774727317 -0.687449811349643 0.004183819890702489 0.9965994080765295 0.08229286404441674 0.364453470551645 -0.01621668345410293 -0.08221514443306549 0.9964826587570903 0.6281611454700152
0.9912037166357466 -0.13232314534707224 0.002403608316700237 0.6940365800794422 0.13222457881964533 0.9893641712428536 -0.060623406510264155 -0.6999211594869774 0.005643835880847825 0.060407961945416616 0.9981578158037693 -0.16859298921970975
0.9949737176967419 -0.019967448458277 -0.09812544060940637 0.6061316395113843 0.027660092333135294 0.996595191468604 0.07767202606974272 -0.4390122796286417 0.09624043009487498 -0.07999578328713586 0.9921383241622265 -0.6632289604039503
0.9886860783220607 0.08702676798542403 0.12217274731361004 -0.7109186151182223 -0.08610563164814194 0.9962036650855011 -0.012809288375599349 0.6965304266877692 -0.12282368961490468 0.0021446035125405674 0.9924261896711288 0.09716011206530789
0.9880782138261499 0.13547742337096308 0.07312531106866921 -0.6259155339312409 -0.1338878020055705 0.9906489871072877 -0.02624196672168566 0.35337691242041663 -0.0759967093777229 0.01613852843569097 0.99697745614617 0.6952370114944851
0.9945979810762313 0.09990635227841821 0.028170495443021193 -0.656216811809397 -0.10040634877067364 0.9948025015038022 0.016927732521488992 0.3048075925707212 -0.026332891326751873 -0.019664785180566163 0.9994597916165392 0.6902693875654284
0.9812189229851045 0.12869323265573865 0.14369229987917853 -0.6399987377240541 -0.1257104198731499 0.9916227180248085 -0.029686283573523514 0.4521251829345714 -0.14630897276403831 0.011065123845093061 0.9891770556998505 0.6212764559099258
0.940606263508355 0.18200536289557717 0.28659013403482725 -0.6433808208618098 -0.15128301997693094 0.980412704642347 -0.12611255465867433 0.4701958210492265 -0.30392976970923824 0.07526603784660679 0.9497166517605988 0.6041332710710673
0.8776942559821266 0.04595050541787889 -0.47701293909895404 0.6760493286189404 0.02801063490603662 0.9887714432738114 0.14678704744760157 -0.20672452397816207 0.47840171127217124 -0.14219558367989216 0.8665519134095732 -0.7072639369145596
0.9995358636943124 0.02592077648314306 -0.0160053283432659 0.5394613958910662 -0.025895623508078225 0.9996630730283718 0.001776824864852311 -0.5644717015783949 0.016045992396628794 -0.0013615322190234647 0.9998703277715686 -0.6247824425033514
0.9619281180614663 -0.004196210370617348 -0.2732703560601684 0.6317158882798244 0.05421599548787065 0.9829407736022845 0.17574999693713209 -0.37152954011829437 0.2678710912285701 -0.18387448819417088 0.945745870239647 -0.6803681630663805
0.997269493052462 0.062382848779258815 -0.03952136643728088 0.6238765487246453 -0.059002651315644694 0.9949184719904725 0.08158382946312387 -0.5191059004614238 0.044409969202986066 -0.0790291988465518 0.9958825936650674 -0.5842149570642297
0.9950521380340827 0.05785925064444675 -0.08076849453012996 0.6201540820616063 -0.05048330102436152 0.9946111522583956 0.09055436003258344 -0.4282733349287805 0.08557265282486115 -0.08602884933608126 0.9926108795345865 -0.6572601198089743
0.988563393798056 0.06999068279276247 -0.13358039064425842 0.6031494830532517 -0.05626928387753963 0.99299799172155 0.10386893726652419 -0.406119596725979 0.13991491748337143 -0.09516455621275802 0.9855797903297583 -0.6864965944909875
0.9833659457405846 0.04285226722870447 -0.1765080733311813 0.5649974314008083 -0.016448396910249685 0.9887878892434172 0.1484181940485416 -0.45862966767028973 0.1808891013765307 -0.14304612290763888 0.9730451889425711 -0.6858839044934125
0.9335456211380864 -0.01820785631568642 -0.35799587598503396 0.7042801014350725 -0.00032901381907807226 0.9986651628247349 -0.051650598352316245 0.07805773665097883 0.3584584564545958 0.04833597551133892 0.9322934991018417 -0.7056178345758635
0.9492489876249705 -0.02552219759569152 -0.3134883999813313 0.664501695496694 -0.02672864668621111 0.9865510121278707 -0.16125346481796107 0.28799571121007156 0.31338784108400297 0.1614488089127949 0.9358003757005805 -0.6895621560139623
0.9161869184740402 -0.029951217257840917 0.3996303979952179 0.6603393676128015 -0.03663689301559343 0.9867674123840678 0.15794876361344215 0.2660720999377701 -0.3990730114743497 -0.15935180714891395 0.9029660752603993 0.7022517762280356
0.9979353884716506 0.03811962831674599 -0.05168998329394875 -0.6983227676856005 -0.04128961919311999 0.9972394910785745 -0.06171357047062395 0.22809876415156805 0.04919479426547818 0.06372041564788053 0.9967545238657503 -0.678466112583709
0.9147284450870221 -0.002584677360600404 -0.40406087560121484 0.7054005253978911 -0.017812585803484948 0.9987494954179849 -0.046713565367183844 0.061248946363552666 0.4036763351197002 0.04992759602927295 0.9135385331878811 -0.7061576773906332
0.9750128234591373 0.11468633930834632 -0.19025519090498516 0.5832982642635727 -0.08759366814759248 0.985520575853594 0.14517762868172954 -0.4054946058688596 0.20415029608279045 -0.1248848995885872 0.9709409963865243 -0.7038020030650392
0.9641210580394077 0.24196650364805408 0.10919155900210248 -0.5667060382198457 -0.2350421399554796 0.9692732853372794 -0.07255681068394548 0.42703309095650305 -0.12339277892211531 0.04428893139164139 0.9913691102036942 0.7046183402901898
0.9566328396602573 0.23047346474158625 0.17814486277622973 -0.5872154514482095 -0.20828380758762532 0.9687329436025165 -0.13481223785697252 0.5655253611234979 -0.20364544085334668 0.09186112360086143 0.9747256374952049 0.5791019595085246
0.9765404615594931 0.14941192485413057 0.1550638695781702 -0.6387896195190386 -0.14640692185285942 0.9887483477657777 -0.03068742452561682 0.48142669306741787 -0.15790421201077226 0.007265087874784887 0.9874277078993827 0.6001467830430255
0.9836420423934413 0.14788997612273025 0.10284399544201706 -0.6451529807415545 -0.14596409634134946 0.988946898760038 -0.02604830152152479 0.3145596349586346 -0.10555953303853033 0.01061067365068491 0.9943563740376817 0.6962972551252649
0.9485155756728005 -0.046584502511404 -0.3132859505816712 0.7325066300694598 0.18488335863635003 0.8845552140280518 0.4282291641576159 -0.5969588388382083 0.25716987849559486 -0.46410339091796415 0.8476270973329065 -0.3272219149708984
0.9352046724955672 -0.061154599607369714 -0.34878694856505404 0.6938709891593003 0.04427010786345472 0.9974384622653527 -0.05618426419814163 0.11123728865877693 0.35132944381622405 0.03710295056448728 0.9355164311583157 -0.7114557723533756
0.9925293494000076 0.1141273457211309 -0.04313281277921388 0.764526064721309 -0.08464760406166577 0.8987479237968766 0.43021733181895777 -0.5796393237304934 0.08786508809656254 -0.42335223919267634 0.9016942984539327 -0.28198962879333833
0.9975348082250262 0.012066680592615842 -0.06912815344659251 0.7601642283048499 0.009704781527386908 0.9519163968860002 0.3062041648232113 -0.4097799232218888 0.06949909060531334 -0.30612018646121775 0.949452635915022 -0.5042130110676984
0.9820352164856028 -0.08483554849176585 -0.16855196022050944 0.7680875169217256 0.14003939618391642 0.9263507731503521 0.3496615686634572 -0.3655403449227738 0.12647450770222085 -0.36698388901400963 0.9215894010380296 -0.5257583309684758
0.9771188135090911 0.19086641326999237 -0.0938554024658923 0.7557102236990932 -0.11399827886257263 0.8424982791155293 0.5264988528987913 -0.6256576853339406 0.17956396270676722 -0.5037525801152986 0.8449793614782687 -0.19353169915867063
0.9992687280557507 0.03682560884141381 -0.010289978780405107 -0.7341494800708115 -0.03335289879241826 0.9710873796261004 0.23638292085735868 0.42438074367917933 0.018697413510555705 -0.23586686003839724 0.9716054914746222 0.530024079930397
0.9929601154485369 0.024031380586726644 -0.11598578307501245 0.7042875952089102 -0.005955199348001594 0.988092976277428 0.15374266106692544 -0.27913364084999914 0.11829938600497258 -0.15196961202263387 0.9812800274603248 -0.6527353167867308
0.9930685403018665 0.05639230080418356 -0.10312508265562892 0.6847353487034455 -0.037367350552325734 0.9833413173518311 0.17788629711550458 -0.41476530619495244 0.1114385722064829 -0.17279977430186785 0.9786325575136994 -0.5992555740358017
