0.7920013491343205 0.11044067677425481 0.6004470999872183 0.6079863255261492 0.12909731116497175 0.9309678203759237 -0.34151544866151545 -0.3606947193892231 -0.596714125205186 0.3479968021952878 0.7230701753235735 0.7072849124489659
0.9982598307394398 0.018400302272058234 0.05602445187917423 0.04722407907596787 0.026473436205068316 0.7091054864401286 -0.7046052556403513 -0.7053051202487938 -0.05269219588858674 0.704862282986404 0.7073844036417775 0.707329183411982
0.7916808682282287 0.0022264291952181284 -0.6109308028692256 0.7068464611405201 -0.0020778518086773824 0.9999973883882685 0.0009517082032458497 -0.01103626014903309 0.6109313262661025 0.0005159744970729503 0.7916834268551158 -0.7072809069493154
0.7993346220591147 0.0031574020004676443 -0.6008778518053562 0.7069599384463003 -0.0073609241636572115 0.9999626126844049 -0.0045376236992062625 -0.006293812454351337 0.6008410594933318 0.008050096023411994 0.799327978480013 -0.7072255887316241
0.9954862730082152 -0.005427551297807462 0.09475031366240105 0.6970433444098064 0.016127276509020905 0.9935176084530432 -0.1125285414734746 -0.23699135771631175 -0.0935253505987298 0.1135486828662295 0.9891206728275015 0.6767316103018768
0.9944934760604178 -0.014110123282683573 0.10384426076685566 0.7004789769078991 0.02786874227703323 0.9908229404418487 -0.13226198961933294 -0.25105851410251245 -0.10102504282188435 0.13442769474745772 0.985760181589681 0.6680560046932456
0.9798451831295822 -0.004597127809113671 0.1997054919466711 0.5060315046095261 0.060043802800389845 0.9602813495217226 -0.27249673668872954 -0.5567444577556819 -0.19052075698732449 0.27899569203958274 0.9412030838136536 0.6587622675145797
0.9498553593196193 0.15362936535758073 -0.2723468642588416 -0.6828467962713594 -0.16084167482677503 0.9869712103652781 -0.004217291668330181 0.4079244911464295 0.26815061441420374 0.04781054287418973 0.9621898980863187 -0.6060675394251595
0.9965526068507347 0.03138955426632781 -0.07679581799789836 -0.6937795971006526 -0.04265995114613724 0.9877904974387127 -0.14983344665991472 0.44832187647655924 0.07115497415651467 0.15259301770638636 0.9857242720964337 -0.5636287481307114
0.997394796401349 0.03693537369019037 0.061962878256885456 0.6220569395325768 -0.02830458826043336 0.9904687272282989 -0.13479818495128487 -0.49668392453347776 -0.06635111449643433 0.13269317447826554 0.9889337950803185 0.6052687362563729
0.994198176873839 -0.019230676367104405 0.10583083760038117 0.6978716545365614 0.04263399095087911 0.9737548439091965 -0.2235706751319959 -0.6514121082254366 -0.09875387544970005 0.22678554859126224 0.9689251710188076 0.29772037056891926
0.9791975775258599 0.03719763714116703 0.19947039870267091 0.6368535337125302 -0.007133833003086398 0.9887563391605424 -0.14936535808722495 -0.3617261281079211 -0.20278365958373534 0.14483520829189006 0.9684531738008155 0.6808610613347744
0.9817048742634449 0.09895815277884099 -0.16267398023652613 -0.6850591978096667 -0.1052915345470371 0.993965479266767 -0.030762294756995212 0.3422448757791526 0.15864814086564089 0.04732768771644916 0.9862002116078104 -0.6430881280969882
0.9706234560755977 0.15530017124202317 0.1837714975943235 -0.612034647576216 -0.12141090438705565 0.9755568798753771 -0.18316158555695203 0.578688949891529 -0.2077245744050986 0.15546906747008457 0.9657535245849236 0.5390108435270078
0.952184763093421 0.3047951338701764 0.02107375860606757 -0.7076897827739894 -0.3005242244664777 0.9468016306555591 -0.1151167350857225 0.7063850303829505 -0.05503968969341682 0.1032792261640045 0.9931284076097192 -0.01397713161495595
0.9844533101057296 0.08978157807396647 0.1509667130874222 -0.6459571325616483 -0.08371555152024873 0.9954236651521795 -0.04608072578271086 0.4393423198895805 -0.1544130391370247 0.03272606138155157 0.9874642364414613 0.6242737451204996
0.9965421411501627 0.02559926828939013 0.07904706430283176 -0.6454691626949406 -0.025456527447950128 0.999671971990233 -0.0028131170347014955 0.4716154778676893 -0.07909314838935133 0.0007911259109625868 0.9968669158908092 0.6007898143656591
0.9690940001531124 0.08622243265573146 0.23113310228993028 0.6935221245713835 -0.08979351411506395 0.995948076816282 0.00495510936481354 -0.08703872935019406 -0.22976932713072745 -0.02555622023847267 0.9729095209303974 0.7151582498462129
0.9853281807652589 0.03572239925166881 0.166890042787249 0.6915317079244836 -0.027997769242508422 0.9984349708740812 -0.048412125063001424 -0.15113674649762562 -0.16835825226958334 0.0430292822084776 0.9847862609548095 0.7063579692996741
0.9771205190025618 0.031115258352722636 0.21039803240954297 0.6991648498202101 -0.027608376825595846 0.9994269319107192 -0.019585333813413985 -0.08700363159224826 -0.21088686273265023 0.013328483378474865 0.9774196041913676 0.7096470114540351
0.9989256857014217 0.023503670719567105 -0.039938100964500345 -0.70822288458166 -0.02228386355406188 0.9992796591970057 0.030717944921818847 -0.024960653819398694 0.04063131638340556 -0.02979496900186511 0.9987298713621865 -0.7055475260503297
0.9379393353674952 -0.09865200194214184 0.3324719321735129 0.5149572794765627 -0.019246568969192135 0.9424018017613558 0.33392875530547556 0.47684058760683207 -0.34626488813233053 -0.31960385878421077 0.8820170070338478 0.7123496713867905
0.9674313834416517 0.06008411137456904 0.2458992027081432 0.700056776434109 -0.05549782592031132 0.9981319733321177 -0.02554515864604103 -0.07584330858503471 -0.24697471459704318 0.011066317023336218 0.9689587333716787 0.7100480985902006
0.9459196039996781 -0.06670106758098575 0.3174697943941261 0.5071110898029827 -0.047117212981081194 0.9400069651780482 0.337885888515118 0.5015289388946388 -0.32096116744862996 -0.33457117777882805 0.88602824785088 0.7009329968335408
0.9375577794419951 -0.03988368796454839 0.34553538406672946 0.5841173451840028 -0.06311218696172402 0.9574084828149574 0.28175494474963547 0.4397021616435946 -0.3420559341170739 -0.2859690341073807 0.895108624395379 0.682252838836998
0.9498964154648581 -0.017694384435512946 0.3120636291631265 0.6976411678736902 -0.006306816510558658 0.9971080603120506 0.0757346692489114 0.14245686370871818 -0.3125012383215708 -0.07390821889470844 0.9470377770856327 0.7021416116924769
0.9920148369789759 0.11155496308609317 -0.05883921672181214 -0.6305578401578987 -0.11290811885508295 0.9934003419630305 -0.02018705734724094 0.3855533139226717 0.056198931575096533 0.0266692856783749 0.9980633393183134 -0.6736063036660594
0.9818137697983909 0.09020740090866486 0.1670459405540159 0.6900749327422592 -0.09225798382148495 0.9957247870008639 0.004540151239676701 -0.10430425899676603 -0.16592222833444292 -0.01986890468515897 0.9859386597406274 0.7161823851198115
0.9856538481025302 0.0854434988671295 0.14555377089590416 0.6904632583748957 -0.08473977244302044 0.9963419581025257 -0.011039632726245419 -0.11257451138515233 -0.14596459394996986 -0.0014529369456800709 0.9892887476805003 0.7145540345003422
0.9895343443254112 0.052534511605284294 0.1343945924911884 0.6970867571331653 -0.04943639742327837 0.9984312379895881 -0.026288887697767792 -0.09801944643012682 -0.1355648332359316 0.019369772765121016 0.9905791174321926 0.7102550535906795
0.9792401568983526 -0.06342923489027645 0.19252388755404964 0.6542272436215955 0.05769782778665228 0.997712018621806 0.03523760159691611 0.23943597867560767 -0.19431849059312906 -0.023397864407575464 0.9806594027259274 0.7173960731833869
0.9400425262555134 -0.0037988770244413413 0.34103609393215994 0.7071298425022294 0.021978191399271887 0.998534335046922 -0.049458475868329764 -0.03413515954321601 -0.34034836261390894 0.05398842714651315 0.9387482313167237 0.7062592843465714
0.9939523586902197 -0.014914750376788341 0.1087945719020339 0.7027499922533237 0.03267963022080453 0.9860204592859834 -0.1633881747192562 -0.29663227069392784 -0.10483677991420837 0.1659554280240836 0.9805447697512659 0.6466465374305486
0.9634609341556121 -0.06826266234899298 0.2590043190470421 0.7070827024860369 0.08499528717911771 0.9949195907988648 -0.05395191379328618 0.0002495935326538282 -0.25400556984706874 0.07399470774079905 0.9643681629507579 0.7071308150180637
0.9946484900650403 -0.0420107527940084 0.09439003051708356 0.7003493484085618 0.050392770235812345 0.9948229341183193 -0.08824907059101747 -0.20904877015787202 -0.09019395722162249 0.0925333799333974 0.9916161675158416 0.6825023090650933
0.976855559720628 0.006781458487542431 0.21379248645282412 0.7041344245532288 0.0007396529532208221 0.9993842375482788 -0.03507988958868498 -0.06901001520853577 -0.21389873388219927 0.03442611742307393 0.9762490328203994 0.7067052638547495
0.9908721431589212 0.04329756775400273 0.1276625103083665 0.6777041401193536 -0.03533623576649429 0.9973252680231899 -0.06398171773505046 -0.22225023060596885 -0.1300913000684557 0.05888658921231964 0.9897517988149547 0.7009436021968395
0.9872109733562727 0.04906343991994032 0.15168148518584285 0.6843138124558412 -0.043544484513428655 0.9982704302873153 -0.03949716296695928 -0.1706451266764186 -0.153357008165328 0.032387140614774504 0.987639965356495 0.7089392405726606
0.9921825317547113 0.04240482300385913 0.11736973488434865 0.6782179491553739 -0.03691174971864214 0.9981366882917652 -0.04858676999612245 -0.21181115901044267 -0.11921135186516113 0.04387462218594214 0.9918990226401685 0.7036735367783354
0.9976016288430622 -0.021218046135248136 0.06588463134807526 0.6879517518610149 0.026972150884206514 0.9957805576187384 -0.08771307852990858 -0.2649240864754823 -0.06374553479537942 0.08927976022994683 0.993964602592534 0.6756756733200417
0.9875995759451206 0.10262538246230907 -0.1188070219620152 -0.6207757340822441 -0.09610293535327735 0.9935974548589956 0.05939969287976116 0.5662647628376966 0.12414227084076429 -0.04724540794819135 0.9911390255752757 -0.5422007989140353
0.9708591676464395 0.16033477019339837 -0.17811579959086513 -0.5985398414483071 -0.11649254552772831 0.9652509439446053 0.23392328240369453 0.6421807788023365 0.2094324794136124 -0.20635740035452715 0.9558005335244316 -0.4789090785690537
0.9983294493689534 0.0228380001557571 0.05307293351199066 0.6838496789090142 -0.020746236665878548 0.9989988212080207 -0.03963519760501183 -0.22496228083924266 -0.05392498666560702 0.038467921361449 0.9978037456530435 0.6940760684936805
0.9895919777345425 0.12567087406640948 0.07010384450815227 -0.6835166742452182 -0.12496834601552331 0.9920571497826132 -0.014336110328136642 0.6536725001290615 -0.07134865168721055 0.005426138275127584 0.9974366781534736 0.3248341401450562
0.9981003936309056 -0.017936230106015083 -0.05893976487411018 0.5603554747498178 0.020767042357580867 0.9986423255514505 0.04777274922912339 -0.5251075338683826 0.058002880838366466 -0.04890600440410503 0.9971177806797328 -0.6405183992615449
0.9985528737710334 -0.005680074644451527 0.05347798645839791 -0.6746723868253451 0.007238128790436449 0.9995536097830184 -0.028986042526532446 0.6563332272155579 -0.05328947152322122 0.02933117661755738 0.9981482426488589 0.33770381299032226
0.9983475703288118 -0.03994200703910744 -0.04131301117380151 0.6945156004759205 0.04419302660071589 0.9932002620594571 0.10770429817279567 -0.6553248676142835 0.03673016768852516 -0.10935207139654016 0.9933242266565632 -0.2969804683508553
0.9994732106249489 -0.017864319899379477 0.027095522094787272 -0.6507854170428093 0.01881796768418198 0.9991974900622618 -0.035359015052933956 0.6440772053195007 -0.026442112912805543 0.035850270958657754 0.9990072936354855 0.40204837339832433
0.9974555128964151 -0.06495848569687596 -0.02937507325128874 0.6566238769595206 0.06645432978360899 0.9963706482442494 0.05319166636180461 -0.6208159851489025 0.025813210679052567 -0.05500842165798775 0.9981521686101451 -0.42829031834755055
0.9958299873759279 -0.05724005881464904 -0.0710366941077247 0.14797686250255096 0.0709869877377337 0.975277281934275 0.20927271899322092 -0.6880256691294504 0.05730169120350509 -0.21344273004669972 0.9752736627098212 -0.7104389676691961
0.9995581622858783 0.018943767196429206 -0.022904451359618536 -0.6967707323803879 -0.019052827513488968 0.9998081129274095 -0.004552701206315554 0.691052114205454 0.02281381097973116 0.0049870842122680115 0.9997272923250823 -0.19224339247493064
0.9333003230298247 -0.03554138144803305 0.3573336217559025 0.6963383215600805 0.11191804269447625 0.9743158707183738 -0.19540454392294482 -0.2771559659771052 -0.3412108713858081 0.22236320350062877 0.9133070387208648 0.6620404160247225
0.9169837792228821 0.265932057725533 0.2973565020576888 -0.6082124899619027 -0.2158946218307878 0.9576232537690549 -0.19064945870709757 0.49773112630597366 -0.33545530388810585 0.11062479159136057 0.9355382913481984 0.6183375234938675
0.9894631358114387 0.10045603294440258 0.10426547038817546 -0.708707417586402 -0.10338859844569348 0.9943727765284008 0.023099329224762363 0.6828186606824347 -0.10135827830833347 -0.03363579557958862 0.9942812140808548 0.17746118697298144
0.9954569190977685 0.09516627546711426 -0.002983661189944642 -0.702962764823449 -0.09379172543941439 0.9855097931437788 0.14132784529880862 0.6386083253642938 0.01639007197899342 -0.1404059387327463 0.9899583516032878 0.3130858636974605
0.9726993582861911 0.21314619793307737 -0.09178592863999191 -0.6541299765520612 -0.1974516442515299 0.9679385282252165 0.15526704015846005 0.6813168889433802 0.12193771595367689 -0.13290486779601024 0.9835992525129964 -0.3285137297229959
0.995958138224429 0.01711615167095626 -0.0881726956404662 0.7101554897089526 0.00030393989398103116 0.981027006735387 0.19387088403457559 -0.6879468944834507 0.08981811913567507 -0.19311408391876506 0.9770566288947359 -0.14969385694414372
0.996623202257588 0.04998035737908543 -0.06514719178974337 0.6243942306449629 -0.04415780298719285 0.9951464874022472 0.08794064501874613 -0.47484202562152 0.06922630393986823 -0.08476693038696012 0.9939931017645935 -0.6202071391405749
0.9898100629420596 0.015144337976737893 -0.14158632817430666 0.6733300544024672 -0.004579791460364108 0.9971996047613351 0.07464565475643442 -0.25939827261322224 0.14232028951915315 -0.07323658437614053 0.9871075614643527 -0.6923432486878508
0.9974036838647484 0.053661865420836674 0.04802390667766776 -0.6621957394317916 -0.05548955410006695 0.9977521885603564 0.03756966341072321 0.5735072387348013 -0.04589989976900877 -0.04013694585510039 0.9981393814385943 0.48227196662999866
0.9984179929816772 0.00105781687216433 -0.05621736665750441 0.7074356773090202 0.005097882850632729 0.9940021256147851 0.1092418686389507 -0.7066894204212634 0.05599573984581817 -0.10935563678546023 0.9924242146493432 -0.011172534850539723
0.9966476697085388 -0.07269119730995133 -0.037542140298403553 0.7008942464130067 0.0757055557691198 0.9933851006976604 0.08634066560774577 -0.6891974801872209 0.03101759646117018 -0.08889337177509679 0.9955580732253776 -0.1837228582640953
0.9983317426614675 0.030211996779491768 0.04920332148456594 -0.63994452013489 -0.027183614718354676 0.997761683276815 -0.061095617481624176 0.6459020888427509 -0.05093900946584673 0.05965617013530855 0.9969184313069078 0.4162709487556111
0.9969796482065184 0.07510784812663968 -0.019758345370804425 0.6915793150580547 -0.07358833024738065 0.9949118549741383 0.06881248784429866 -0.6730969202924868 0.02482616993031264 -0.06715066627893573 0.9974339323007247 -0.2620278360720507
0.9981798749471684 -0.013719523773988052 -0.058725734715455336 0.6991253174334653 0.02248883872102081 0.988219517610278 0.15138175962476205 -0.6613961017003873 0.055957031581696376 -0.1524268994683168 0.9867293706660609 -0.27162287675946445
0.9974852624785953 0.007878480513572816 0.070434939361123 0.6977691738684123 -0.005238507030701459 0.9992796104799759 -0.037587472954127635 -0.14966097089212213 -0.07068033094218751 0.03712397640050491 0.9968079560246883 0.7005139354721078
0.8292068501980477 -0.3904812595344258 0.3999254749788278 -0.7263641421188561 0.42531831223030275 0.905042013449705 0.0018130561135490664 -0.4476276244426273 -0.3626573215394933 0.1685922294867488 0.9165458675322735 0.5215598171636582
0.976145863629684 0.21175064076246125 0.04796789609045732 -0.6408237486429545 -0.21275914141827607 0.9769578464793216 0.016938534335759148 0.561839558713188 -0.043275866965503396 -0.026740088615647417 0.9987052453047451 0.5231455184173534
0.9948883474240664 0.04336977241277595 -0.09119341533616165 -0.6825507792169605 -0.033831735110122885 0.9940380378947993 0.10365226923563343 0.6869732124850583 0.09514509897650075 -0.1000372033751533 0.9904241354498738 -0.24938371863110675
0.842153279250682 0.08743752757025303 0.5321019949405603 0.6348313882093597 0.0772685821666444 0.9570158247244613 -0.2795537111843012 -0.31596639634354234 -0.5336735148546152 0.2765418413176575 0.7991978413029908 0.7050917280225693
0.9995555794760163 -0.029723232611138586 -0.0022744189388635427 0.7072118461408655 0.029674167341520848 0.9993751165082294 -0.01920469465390407 0.04484247656759345 0.0028438232984396294 0.019128668205246196 0.9998129858737288 -0.705578172120789
0.9071600806449371 0.3029328416803649 -0.2920484232378775 -0.6842073488593856 -0.29483251844531166 0.9527948411281493 0.0724967363870949 0.5507399927882847 0.300223873386955 0.02033922690379364 0.9536518975483088 -0.4780646024444514
0.99159721933632 -0.006679958595766755 -0.12919107073492697 0.6270787854818042 0.020511411617383873 0.9941513243706533 0.10603030814601283 -0.4332839763280097 0.1277271959996788 -0.10778924995209435 0.9859347042258044 -0.6473308216484474
0.9743888946623159 0.024129664992884436 -0.22357110999876773 0.6270653443759145 0.010614502255815533 0.988182484942161 0.15291405689274296 -0.38889351344410905 0.22461882000538436 -0.15137085492546748 0.9626179148439538 -0.6749451007925104
0.9404798708380422 0.006391223072380617 -0.339789294734396 0.6723271173019915 0.04708471079823327 0.9877304628666634 0.14890118446222467 -0.2606703341153956 0.33657189805078164 -0.15603744740556924 0.9286396892496295 -0.6928399701609042
0.9858683113500656 0.15174484361398555 -0.07097305906002027 -0.6933227555819623 -0.13740079822945928 0.9748207391738652 0.17562900421748717 0.7104029206725113 0.09583680567338206 -0.16339531484435432 0.9818947386381273 -0.12095969118760293
0.9698896802025831 0.1836036965802269 -0.16001153345495728 -0.6080401301739207 -0.1735148191010486 0.9819702065120626 0.0750141391671437 0.519371529346761 0.1708994317979472 -0.0449910671659747 0.9842607317608507 -0.6004501766192496
0.9993011663374445 0.03720065091024061 0.003645617708730009 -0.7090965017901588 -0.03734371096063621 0.9893733272976608 0.14051998606477367 0.637657419887927 0.0016205580249658846 -0.1405579268622376 0.99007113026685 0.300957083337195
0.9951515517248847 0.0258357666323647 -0.09489943235906109 0.7062955742516672 -0.005296136061358481 0.9775586568278914 0.21059682667046015 -0.7078395448103089 0.09821069209802777 -0.20907315854352582 0.9729558439797049 0.010475714545665543
0.9947436483922901 0.0643837273074136 -0.07962292158166828 -0.691251223259387 -0.04838758244676178 0.9808583174352123 0.18861495959525953 0.7096291393777024 0.09024253901655117 -0.18377077236646783 0.9788179541547435 -0.13637533093804943
0.998530920798733 -0.04339033950280853 0.032454254677400735 0.19476214664822208 0.047579729992079184 0.9887207257000614 -0.14201230885041288 -0.6824585168290932 -0.025926231942097075 0.1433478461958015 0.9893327172838821 0.7044984592179112
0.9403488506197809 0.011213944850345214 0.3400268909644506 0.6879814152850869 0.02063065348437093 0.9957376965820012 -0.08989335760988158 -0.17541209515094525 -0.33958565233953103 0.09154609246966065 0.9361094474892726 0.7042103159547468
0.9785386814816466 0.19834468793240673 -0.055869791597584956 0.7133284008939808 -0.18392435203808238 0.9629504199004972 0.19722657412434913 -0.6907663487850816 0.09291868257531945 -0.18271801657869427 0.9787646524297939 -0.11834037292557215
0.9928231115136472 0.008974789197219404 -0.11925486322672796 0.7025693968965937 -0.005595634322408456 0.9995741211077119 0.02864027388616315 -0.10925294045925071 0.11946111551835586 -0.027767419228478994 0.9924505087451464 -0.703178524661671
0.9862167510904346 0.11075120125123333 -0.12292555181912339 0.7080534275616119 -0.0891822443884851 0.9815936585384984 0.16887988868671722 -0.6994843446342014 0.1393665926772255 -0.15558939854120601 0.9779411495111175 -0.09686070064744982
0.9609888758942815 0.18238970783876457 -0.2079287735786835 -0.6267389152791166 -0.10980977592399394 0.9415710254042982 0.31841139620092196 0.6815905188027367 0.2538546700751586 -0.2831571976722264 0.92486745422652 -0.37766744200814073
0.998856102996452 0.012990471509434776 -0.04601883480384228 0.7018243781084956 -0.009584409876329913 0.9972508768877274 0.07347671491010735 -0.6905862596873346 0.046846820533129746 -0.07295160174129998 0.9962346306013032 -0.17473740361948986
0.1807925016421419 -0.9834701360358368 0.01002810428886354 -0.7025215531526603 -0.9834890102039078 -0.18085974640901065 -0.006254513330866143 0.7045401467834246 0.007964807474991828 -0.008731761249634519 -0.9999301566546365 -0.10043231017140038
0.9972753874397505 0.06511990861276534 0.03465831947974715 -0.6503229059115676 -0.06351958477154895 0.9969460397625741 -0.04542968360191252 0.6404472664592579 -0.03751085119462333 0.04310442325312919 0.9983661376161903 0.40854304171237443
0.9956686492255661 0.08531326395767169 0.036953862345164346 -0.6596055833546534 -0.08582967966918029 0.996229915332969 0.01261831540069791 0.33166017070690335 -0.03573803348286836 -0.015735399218139545 0.9992373042346966 0.6744790623689034
0.9968359446631739 0.006352329419330838 -0.07923223673749402 0.7146616850135771 -0.016138376495823864 0.9922144990532914 -0.12349065014204713 0.19557003443252796 0.07783092079345488 0.12437859855849312 0.9891775937560798 -0.6715735533845975
0.9472549745884611 -0.11231371511810649 0.3001560302805573 0.46972602866411317 -0.007617682942353918 0.9284246972523434 0.37144252911922204 0.5023701009446275 -0.32039036193993675 -0.3541372769538151 0.8785993427312206 0.7259350795162921
0.9957115806844374 0.07522100128452786 -0.05385396045466377 -0.6568739709331006 -0.06769985107539789 0.9892040094142199 0.1299698346663618 0.6897046471502093 0.06304901470497665 -0.12576656441433703 0.9900543384179203 -0.3046704547703721
0.9776777835991217 0.1329517760043757 0.162695964037191 -0.6611978779242509 -0.11020299971933817 0.9837601550174586 -0.14167306114037706 0.6430463656961695 -0.17888949189253148 0.1205810211322987 0.9764521324842932 0.3864048884181143
0.9994810506187355 -0.024776234617005427 -0.02058561760723815 -0.7273026744876335 0.01984531308484766 0.9769936779056688 -0.21234292284161077 0.4219787204732525 0.025373076333639555 0.21182419958672566 0.9769783597740589 -0.5412622092395626
0.9545206029555086 0.018521394580242836 0.2975691121004583 0.6912382722978933 0.01617670429636195 0.9933810407607266 -0.11372080766176373 -0.1930304738503825 -0.2977057822272857 0.11336254143207421 0.9479030548682186 0.6963683558833792
0.99512763291415 0.09525387785087738 -0.025449812672207917 -0.6577477658714308 -0.09599571972730672 0.9949380573013147 -0.029716728075649762 0.30606372819736444 0.02249035359252355 0.032015010352268475 0.9992343184195722 -0.6882534931063345
0.987721122597178 3.116179060133617e-05 -0.1562273439712572 0.7075935315987649 -0.008004398033658357 0.9986966697058614 -0.05040725672499965 0.08541623491212198 0.15602215736070807 0.05103881804434791 0.9864340451673119 -0.701438137580945
0.9746845079868516 0.007026947910677289 -0.22347423093835644 0.7034607824849077 -0.03225281160271529 0.9934708743389896 -0.10943207017983125 0.21339575025112972 0.2212461661456509 0.11386941574972796 0.9685473091814703 -0.6779418716088266
0.9542054073129778 0.29848922664936367 -0.019905331671166523 -0.7035773248517452 -0.2991222963335061 0.9529363796628318 -0.049377202748485824 0.6951585455842884 0.004229951636205043 0.05307012237935396 0.9985818292056974 -0.1474230119608159
0.927937102037695 0.37145631261717116 -0.0308697664185937 -0.6971942653973665 -0.3664765206583838 0.924332745218116 0.10631996954319438 0.7088440253910326 0.06802715978202563 -0.08734519983602455 0.9938526659407799 -0.10705280923200135
0.910321979869901 0.27705603996535455 -0.3074960872669098 -0.6436069258836905 -0.23432065169410693 0.9573732960805427 0.16890886341908293 0.5533747481688098 0.3411857634125316 -0.08170876740346397 0.9364379062030833 -0.5287215836748599
0.9928288493306039 0.1013493285700631 -0.06339707828651342 0.6627444651787651 -0.09956753032444667 0.9945580757925968 0.030668237328171644 -0.281464866553786 0.06616028145314523 -0.024136020262752855 0.997517052327386 -0.693936094154766
0.9903395033179463 0.10335536017289096 -0.09244099572968367 0.66640934992078 -0.10246114338421058 0.994633056825656 0.014380416059758372 -0.2372946128632432 0.09343116323991474 -0.004769883980088124 0.9956143158585321 -0.7068166983343327
0.9973180331564132 0.058177880431607966 -0.04440805072854814 0.7032194544365585 -0.0597639812820055 0.997589410615004 -0.0352652005542785 -0.045143643247946126 0.042249346531610166 0.0378246223681723 0.9983908506493624 -0.7095381951496701
0.995000866656622 0.049253811124387974 -0.0868754133359615 0.6967062267842464 -0.05132817851915413 0.9984437429126238 -0.021806199314330338 -0.08777741879788863 0.08566617443587016 0.026156343940879206 0.9959804979160836 -0.7119659811460363
0.9989163343619911 -0.03953566980337168 0.024557845141654377 -0.7066099145084782 0.039345853001141906 0.9991922899912136 0.008165260175083299 -0.020260647737211125 -0.02486082855447974 -0.0071901623982378125 0.9996650642931721 0.7073131801907763
0.9913274185985672 -0.007963073563217501 -0.1311736962737866 0.7072707122843257 -0.006538081039709126 0.9939378327491738 -0.10974897779111101 0.21162720782275438 0.13125243857170427 0.10965479510400979 0.9852657627664118 -0.6745235833193436
0.9958002955752567 0.057498871444365524 0.07124360402769209 0.6775683768026209 -0.05585637421515108 0.9981298223079927 -0.02483794031218428 -0.20240752965643127 -0.07253851936569444 0.02075421889734684 0.9971496505571238 0.7070588990285338
0.9980644379511818 0.06105604244024307 -0.011812594072712679 -0.6568035818309 -0.06139529785333167 0.9976357226251339 -0.030880128622263775 0.31134066852895975 0.009899247380086795 0.031545595948754585 0.9994532906932397 -0.6867867522120973
0.9868481348821403 0.12704724859842143 -0.09994876339010776 -0.6878401439891909 -0.11164280225991968 0.9828194613645076 0.14697547777344275 0.7008968132969006 0.11690441986166861 -0.1338839160868482 0.9840774632263746 -0.18873153797703915
0.19930997335807699 -0.9785396906622472 -0.05230304311066163 -0.7072486786110936 -0.9798399649450267 -0.19975541609416425 0.0033788811130132865 0.6996052188565995 -0.01375418541867382 0.05057516722345414 -0.9986255428556733 0.10174401383605608
0.9956139851522106 0.06638725516782484 0.06592059557237456 -0.69598769844849 -0.07085806122264754 0.9951677253493031 0.06797303570432273 0.6087029848956117 -0.06108950588359699 -0.07234591055737469 0.9955069771209657 0.38089604853233483
0.9821385242325327 0.15664848354925548 -0.10423613490561046 -0.6659553757412238 -0.1323922319323575 0.9689658533123584 0.20875217852425235 0.7014549608825692 0.13370196760822525 -0.19122350199798 0.9723977355698223 -0.2538983563842005
0.9718788396430389 0.1671748190250909 -0.1658436038502182 -0.6012046573584326 -0.14701570739995345 0.9809153415474208 0.12724572485784388 0.5741482716413593 0.1839508163390185 -0.09928581268658099 0.9779081882095955 -0.5557937766310176
0.9989612964706663 -0.03719231246014454 0.026326033645660718 -0.6789865014452181 0.03655733085715063 0.9990384065782707 0.02420379602769962 0.6426602796641011 -0.02720091384947046 -0.023216245937201646 0.9993603535313662 0.3549156178547827
0.9947558475348185 0.0705962181276365 0.07400660633592482 -0.6867382315074729 -0.06988123901455323 0.9974805960892221 -0.0122095396834285 0.6523573411260641 -0.07468210112922799 0.0069738376497821275 0.9971830069547708 0.3206563594643345
0.993702766434875 0.0762406478180307 -0.08211075203628239 -0.6788697908397144 -0.06705926576327048 0.9917447665648034 0.109294889480776 0.6919140992574457 0.08976562178789779 -0.1031003472914179 0.9906121599967472 -0.24574516543362576
0.9843030301812999 -0.02222200986212723 0.17508205805735322 0.6898934451339045 0.046045054159822546 0.9900181016297692 -0.13320664935658028 -0.2621361634768859 -0.17037428727167064 0.1391773714476438 0.9755010310161619 0.6747826806897845
0.9635532523843917 -0.0633411604712154 0.2599096520131958 0.7202790457802186 0.11560568976419988 0.974752933684476 -0.19102890558146224 -0.20919340887078294 -0.24124770322969757 0.21411355786980746 0.946548958069644 0.6613896082453665
0.9418592582829302 0.008371981406528742 0.33590333060875954 0.6995280497704864 0.026603577538150097 0.9946931692696376 -0.0993868636716949 -0.14012332067072578 -0.3349528134661661 0.10254466800206222 0.9366382459709013 0.7007324472211265
0.9476625089378272 -0.00483226325443862 0.3192372446715798 0.7074067906776459 0.01576795297824845 0.9993736759801347 -0.03168007917964873 -0.027680568540096283 -0.31888421223468894 0.03505574118162202 0.947145160045528 0.7062644112713384
0.9818879890942003 0.11479104625216124 -0.15072820762180528 -0.6505789879559745 -0.11594828872175672 0.9932546222145953 0.0011179408920718725 0.498945393899894 0.14983981852312855 0.016378985001403418 0.9885746090383262 -0.5725386225716654
0.9775789914535031 0.0944203235925185 -0.1882129590688053 -0.6481456763732799 -0.08613801376986063 0.9949394478778788 0.05172753270981603 0.5646040632662337 0.1921446279564823 -0.034355458796904936 0.9807650811475288 -0.5110082523226823
0.9182011256827012 0.28660203165818826 -0.2734336633343066 -0.6639432793244121 -0.2541351714059886 0.9557229907110623 0.1483539001197865 0.6109061762119197 0.30384536766169196 -0.06672960718977564 0.9503815823524935 -0.4312458297839836
0.9486395901304076 0.22901646743224524 -0.21825303132389204 -0.6600131752981346 -0.2231702901434806 0.9734225460263423 0.05141564435916657 0.5013583273822679 0.22422745067115885 -6.732346592330796e-05 0.9745368365706162 -0.5594840802000789
0.9967552364247675 -0.04853864977188351 -0.06421057652854695 -0.7071928134126346 0.04717786955133439 0.9986321070655573 -0.02254247906515024 0.0024112213092757004 0.06521692483093022 0.019440015846904444 0.9976817320666289 -0.7070166268690717
0.9998081332964515 0.0049317531045123125 0.018957172932209776 -0.7151410680639341 -0.0034332548274927654 0.9969253919737235 -0.07828138731095009 -0.1209928747936292 -0.01928495153105325 0.0782012829137324 0.9967510471502354 0.6884286288480084
0.7806138075469468 -0.5906534390925339 0.2043785662813517 -0.7209943549810341 0.6095809735168883 0.791701321473432 -0.040249898179059676 -0.6758927893787814 -0.13803304022320553 0.156004911670705 0.9780640814084497 0.15276150480815753
0.986513148903482 0.02760983135966121 -0.16133661783001307 0.7087719208888295 -0.034841066410647714 0.9985030089521008 -0.04216445428283983 0.04247091648590818 0.15993094488530185 0.04721692838264599 0.9859983035189273 -0.7041580684849148
0.978979543604045 0.20018861077135813 0.03903297736849681 -0.6678278056397393 -0.20092957993813226 0.979474246570855 0.01604693772472854 0.6221917513266635 -0.03501938192917764 -0.023552503516383855 0.9991090643505387 0.4085137042933444
0.9178057961343531 0.31955672217978964 0.23561838190577222 -0.699714248945869 -0.28816035510326465 0.9443966411363733 -0.1583622238953979 0.6746218683510865 -0.273122921646914 0.07744989038109831 0.958856289623742 0.23512827257607202
0.9985025115133137 0.02356971191763363 -0.049368038058287766 0.6781419271956722 -0.023292505196984753 0.9997095727932958 0.00618298205515308 -0.20563556796963536 0.04949943134272616 -0.005023817827674554 0.9987615168553409 -0.7055760340070693
0.9988707066127291 0.019723982216238112 0.0432235583509929 -0.6923912758495248 -0.023985284935232054 0.9946581601450244 0.10039845896969718 0.4950235828298547 -0.04101240760506353 -0.10132180901685467 0.9940079845956911 0.5249247313375138
0.9838000338391795 -0.17922070873456536 -0.004175042360210025 0.7029311014577853 0.17877978529377658 0.9825673310565555 -0.050982627538294606 -0.7057025118103821 0.013239402869483205 0.049410297520633764 0.9986908133704757 -0.08872334206882938
0.9809763673077282 -0.017775411075921205 -0.19331166944810702 0.5770468774622178 0.045637403757418704 0.9890070368575337 0.1406495944699612 -0.45111036008776556 0.18868649703149115 -0.14679617095607103 0.9710037538705094 -0.6808203465177805
0.9973016027988038 -0.011278135674512635 -0.07254182731806291 -0.37548664518822084 0.0291165498053646 0.9678544691898991 0.24981984107866584 0.6623117457645155 0.06739242971111897 -0.2512578956467748 0.965571193798151 -0.6483463046147908
0.9733520201943162 0.13170118422143912 0.1877249127268782 -0.6322476220849024 -0.11905064407645488 0.9898831045749008 -0.07719056562908005 0.492573307779808 -0.19599180832020702 0.052784821225675876 0.9791838304013953 0.5980254851014669
0.9859697546418371 -0.007222925608732639 0.16676771952979008 -0.6845018841152603 0.00817487030339295 0.9999539722111509 -0.005022445088227717 0.250285930765992 -0.1667237668331626 0.006315283429290497 0.9859834191142207 0.6847000244656487
0.9838895951241622 0.10259578012996834 0.14640823237077522 -0.6571277371555599 -0.10227846318617659 0.9947083793226852 -0.009713705446951992 0.39983740517825495 -0.14663008072931577 -0.0054171952853305505 0.9891765633194887 0.6389938861062237
0.980875027569195 0.13312322338322166 0.1419943227287347 -0.6442692987654071 -0.13098287462501484 0.9910853604828551 -0.02435764339045779 0.4486972691754881 -0.1439710625302837 0.00529297956069405 0.9895677427651284 0.6193446789169906
0.8347419051183191 0.009045093729738874 -0.5505671059179429 0.7069237604414695 -0.0071445378242507 0.9999588203235539 0.005595823121259861 -0.007783266632002192 0.5505950484872865 -0.0007375205399266227 0.834772153731026 -0.7072469283664841
0.997907861684483 0.06326512409900387 0.013320047336266017 -0.5308003649424112 -0.06292571619692622 0.9977169350115686 -0.024520844851368295 0.55074389057849 -0.0148409510950826 0.023631370333914326 0.999610576428008 0.6441522642725639
0.9299365649754249 0.0002440601846184498 -0.3677199009522519 0.6434574125493228 0.07760697429183926 0.977344982542521 0.19691100182626917 -0.33272509990348825 0.3594372583121753 -0.2116523695439894 0.9088498950890853 -0.6893885451104803
0.9949063266642222 0.09983943957385993 0.013909977321373057 -0.5954467954846598 -0.10006108984181042 0.9948482584819737 0.016270245697381835 0.522026979242352 -0.012213904501536199 -0.01757921787115807 0.9997708695675551 0.6106807240204613
0.9809045542700592 0.03483644109454534 -0.1913443957478823 0.6429181936250582 -0.010689566060130717 0.991997310495643 0.12580568010569715 -0.34602972124498904 0.19419574812467422 -0.12135797601013756 0.9734270661272064 -0.6833151749529696
0.9747925305843586 0.055449531795616486 -0.2161130994192378 0.5994497927189469 -0.024014540653198357 0.989073553956425 0.145453795760794 -0.3921437712130679 0.221817096171955 -0.13659741684107274 0.9654731076307548 -0.6977701689725668
0.993186293713383 0.10325074773189202 0.05403951399374063 -0.5958369133091926 -0.1025342060124817 0.9946027849713504 -0.015875664541168955 0.4976417159915386 -0.0553870253512887 0.010226593765232439 0.9984125871615885 0.630342046228213
0.9385102425861607 -0.025814749793849654 -0.34428494485519734 0.7031108590459737 0.007874955398771949 0.9985419064437849 -0.05340455180111466 0.08708763181663308 0.3451615703382007 0.04740949028086594 0.9373450968522616 -0.7057271882790145
0.9735537330318864 0.012852371581121347 -0.22809635122995414 0.675085266685712 0.0034297421947957485 0.9974815780360361 0.07084305433291313 -0.21964663573304555 0.2284324096273449 -0.06975183168548071 0.9710578336064053 -0.7042834927179793
0.9963480991783263 0.013230462329932705 0.08435294974256752 0.7017490076995857 -0.008593127583749013 0.9984436816448019 -0.05510329157049211 -0.14090365632907598 -0.08495071172194657 0.05417720415552539 0.9949111553942018 0.6983512653570153
0.9981650612638306 -0.01623259111227477 -0.05833535341416113 -0.7118399417080952 0.01183489710689159 0.9971165835773642 -0.07495634706597358 0.10661351488857883 0.05938388403129807 0.07412841385586973 0.9954790467792731 -0.6942027483611101
0.9436381565628968 0.2850614990708606 0.16818730994356024 -0.6649075694393846 -0.2771481785072822 0.958325352372218 -0.06929217957864864 0.6043950002522029 -0.1809306956507747 0.018773938002923762 0.9833166441300529 0.4388674147989914
0.9856315624449112 0.11536882957313294 -0.12337121331707862 0.5782489184742142 -0.10307922795074315 0.9894543511202704 0.10175834026871208 -0.41212309945643955 0.1338099244356764 -0.08757922249078054 0.9871295679445675 -0.7041184127530108
0.9071383129079897 0.3421080872124612 0.24507577995035876 -0.5904567923974948 -0.30840462465568785 0.9366647878120632 -0.16596886082626083 0.49502749619895803 -0.28633314293918205 0.07497420847740507 0.9551922316045899 0.6374233713307446
0.9568449574920069 0.23891361358645735 0.1654328037759761 -0.5975498288741722 -0.21791420405817308 0.966524740475452 -0.1354375343785949 0.5893727654677736 -0.19225276848933204 0.09354256406535524 0.9768769941585616 0.5436671273282176
0.9949033414834176 0.0980270886154695 0.023622679837506155 -0.665501531580879 -0.09848602599825086 0.9949548299927928 0.01911514993623087 0.27521629370992245 -0.021629696905003215 -0.02134423040513761 0.9995381833828111 0.6938037929703744
0.9927758608430486 0.11606684793546379 -0.030406856754177092 0.6737918761005057 -0.11640263310481314 0.9931565766958567 -0.009510056363327857 -0.18438775613414038 0.029094967496279656 0.012980792583396766 0.9994923620970285 -0.7155457099925746
0.9958509647203828 0.0909491706386707 -0.0030173540761952444 -0.7107937182418129 -0.08872040094690914 0.9777529070461943 0.19007352056121907 0.559888181919455 0.02023725577500246 -0.18901719795525088 0.981765222624963 0.42579045768418267
0.9067108045150474 -0.06801663144493816 -0.41623221262002136 0.6761160162296811 0.00986663169018881 0.9900608827237207 -0.1402929010300145 0.19810550243882724 0.42163748238832555 0.12309827922116032 0.8983699945445773 -0.7096628371988808
0.9783485986125279 0.1867420326531074 0.08922686161402515 -0.684402459794557 -0.19352626243866758 0.9782562736504107 0.07458048545116963 0.5113201418821363 -0.07335942570265003 -0.09023345446228859 0.9932151420293489 0.5197547359407048
0.998791236195927 0.04158188136154048 -0.026210945054429224 0.7046586661913904 -0.038580553446345006 0.9936027662315223 0.10613709922944126 -0.2609340825640008 0.030456647779839974 -0.10499757177907158 0.9940059871683438 -0.6598254077540918
0.9935059621707156 0.05270985773721612 0.10083438911682485 -0.7122080833331551 -0.061942544251272796 0.99394655071353 0.09073794981348907 0.22664495359355494 -0.0954412088299385 -0.09639463274476716 0.9907568069082754 0.6643731715274851
0.9788730791346032 0.08591330894416807 0.18554352128760826 -0.7065833199033654 -0.100599969580488 0.9923738027641344 0.07123118493929492 0.3158864414023277 -0.17800882300028326 -0.08839196192932383 0.9800508762305857 0.6332106822950101
0.9971871781365715 0.05405530548375054 0.05192066745603091 -0.6891474091831967 -0.056421202096927026 0.9973817110156956 0.045236826649767733 0.22525111313637025 -0.04933943366070437 -0.048039009986279205 0.997626119247877 0.6887218483879496
0.9922326804994244 0.1079993733902411 -0.06172878660918868 0.6470816777932558 -0.10108381916488465 0.9892255881060664 0.1058999402230617 -0.38072119676213445 0.07250082242270339 -0.09883760004938641 0.9924589460348017 -0.6605578495486019
0.9864826620958504 0.16144512179974552 0.028061183712543236 -0.6260107680106147 -0.16182153769237986 0.9867507946024583 0.011690136453036293 0.3481125508194716 -0.0258020798223218 -0.01607302082628695 0.9995378485471975 0.697802386279039
