0.9962980613312903 0.06963882208102909 0.050404438759688586 -0.6317197878641574 -0.0704313425947895 0.9974166959001897 0.014119515566886925 0.4029360292279457 -0.049290962333959354 -0.017617298280808102 0.9986290762007066 0.6622481906135192
0.9756967526489655 0.14863816437532484 0.1610047917342755 -0.6371883890634585 -0.14229890690419955 0.9885459507889847 -0.050278467285434975 0.42725202072448 -0.16663393401145365 0.02614573138844034 0.9856721223439515 0.6414410866397343
0.9743068455565245 0.025805038348251045 0.22374152653796775 -0.7062418668473495 -0.01628957010392941 0.998886742599832 -0.04427104430806671 0.016334358426447884 -0.2246348606239113 0.039488928247585174 0.9736425442318826 0.7077821799443434
0.9991857240047326 0.028119961202415722 -0.028933660796957195 -0.6871306066067152 -0.031384055957304396 0.9923549019383261 -0.1193599163481778 0.3746574792140681 0.02535606390604711 0.12017078006299964 0.9924293695987854 -0.6224815681875632
0.9371360943443147 0.24959461720343848 -0.24388207752959765 -0.7013845692951021 -0.25945119921894827 0.9657177169748485 -0.00862359233356405 0.5750274509097933 0.23336884089555165 0.07135697712175648 0.9697665522769446 -0.4211924935880378
0.9096700128614483 0.24939975010569537 -0.33211478790904325 -0.6436026280857424 -0.2299198957883226 0.9683232273844322 0.09740107200890633 0.41497643739136336 0.34588626630922903 -0.012243037001252732 0.9381965672627708 -0.6430942493376046
0.8623460400368749 0.31527294144530105 -0.39618465344476517 -0.5853217541776401 -0.24100690626763638 0.9437418829127171 0.22642201652591537 0.4588994202555032 0.4452807859811869 -0.09977089169084853 0.8898150317943554 -0.6684383039410395
0.9255094107295823 0.25691592956699383 -0.27825624123406273 -0.5887996911800778 -0.2157052860869552 0.9614939456476035 0.1702956900134243 0.5444060024074523 0.3112933667862617 -0.09758892159323745 0.9452898191439189 -0.5974420710068733
0.8802557119454999 0.45008257333038704 0.15025165147717284 -0.6977019695395525 -0.4404283226214464 0.8928295161839532 -0.09422498428541734 0.6736425121140197 -0.1765581326934001 0.016766997794020078 0.9841473942275086 0.24375751798322423
0.8819010507788803 0.32683202816164303 -0.33975191243443403 -0.5170431669061778 -0.23482745824515117 0.9294520645597614 0.2845609329119475 0.5413699221586903 0.4087867432894934 -0.1711715077147565 0.8964338868301595 -0.6630120443382035
0.9710453615186054 0.21930890138406461 -0.09473389914342141 -0.7115075024581016 -0.22584466597843028 0.9720081056385161 -0.06476441478246686 0.6850260634199704 0.0778787051914229 0.08428433037486191 0.9933937079179475 -0.15651315082501271
0.9455689088140897 0.32383868194361753 -0.03206160883599089 -0.7100097462281305 -0.32540878961825825 0.9400447623458366 -0.10210271507330033 0.7025977855259066 -0.00292546121354801 0.10697828220335041 0.9942570536905978 -0.04735516904370327
0.9887997324614459 -0.10355392054950185 0.1074787170699394 0.7061838212870832 0.11590414554233014 0.986480395246202 -0.11585619897527724 -0.7047718296056418 -0.09402828367185546 0.12701580741673146 0.9874338795767544 -0.06783125199116741
0.9806260572966853 0.0939074638698254 0.17191254747776716 -0.6582919812387618 -0.06197220550450899 0.9812496756803321 -0.18250621831091196 0.6567077152835992 -0.18582782755998922 0.16831655357326186 0.9680586533354031 0.3679492412327292
0.9844311267557571 -0.12477530973347067 0.12380015652375859 0.7077574909978023 0.13702105088705663 0.9859171941856205 -0.09587761898879224 -0.7046973690780564 -0.11009354335381047 0.11134814003866336 0.987664418424463 -0.04980915529259148
0.986558237104883 0.09851565048419303 0.13037450444845972 -0.6951658703314052 -0.1010692259945366 0.9947931371897735 0.013100601398169487 0.5803316731189608 -0.1284050480213707 -0.026101356474419135 0.9913782642527648 0.4242164092787169
0.9714606093832385 0.232693171408487 0.04602360694911409 0.7056466604970073 -0.2323321093689215 0.9725480333173131 -0.013119216699696998 -0.7077382118887975 -0.04781292056477769 0.0020520405664645296 0.9988542004499856 0.034196695189284206
0.8833890968446557 0.06665393748224686 0.46387601381629556 0.678298785398006 -0.015615815897529993 0.9934708181046291 -0.11301274206200326 -0.16902624507477357 -0.4683800271892876 0.09259042171105578 0.8786621443635381 0.7150810347111104
0.9669912606775806 0.008126627897942598 0.25467991615396685 0.7075359220091945 -0.01316639435083259 0.9997496651551698 0.018090137697766573 0.012743242683560118 -0.2544691490789829 -0.020846221267514568 0.9668561874580335 0.7065624734108843
0.996613442955099 -0.0709086164681309 0.041636683726720025 -0.661640946881197 0.07076348025401263 0.9974808347973029 0.004951168994851651 0.6064322071650323 -0.04188287458524481 -0.0019880449318734894 0.9991205495303482 0.4409889290255485
0.9659760204978927 0.06123286117519419 0.2512784601499966 0.6917699281322115 -0.05777992062701601 0.9981062659260448 -0.02110361797190101 -0.10676762125271351 -0.2520948404775276 0.005866739423857847 0.9676847486517202 0.7141813786315013
0.9825154101927756 0.15811622916785845 -0.09829916992253401 -0.5689969865664871 -0.13381245358693933 0.966809185228374 0.21765621200207141 0.670840757190987 0.1294515198781584 -0.20069692930332728 0.9710628437796649 -0.475620760448574
0.990583635268864 0.11732884606421179 -0.07055496735710542 -0.5643004132700219 -0.11415342251124827 0.9923277512706861 0.047482946275810456 0.5594451255193218 0.07558477139272274 -0.03898173853618547 0.996377120569419 -0.6071130002857399
0.95427978269954 0.24423425775528385 -0.17233607767859843 -0.6631100885737303 -0.24149281396504846 0.9696959071761306 0.03702794092443576 0.5897991192016928 0.17615708085161064 0.006282908927122216 0.98434201775666 -0.46089262244111345
0.9806000272478972 0.06765299089358218 0.18397461614194394 0.6932093360356881 -0.06971466118487696 0.9975556463440486 0.004753784070070016 -0.09419293983067564 -0.1832033094059729 -0.017487288819594667 0.9829194993245578 0.71455476103586
0.9757737810577205 0.0016905336861106485 0.21877538777517014 0.7059998531885877 1.3102366841421034e-05 0.9999696927481614 -0.007785461673890607 -0.028873824942591175 -0.21878191887961845 0.007599715850198734 0.975744185886008 0.7076231408955458
0.9926141925828563 0.08449988535860749 0.08704501167480055 0.6547844264071001 -0.07660976842119799 0.9929625115529274 -0.09031275675646783 -0.30364496869702634 -0.09406385100310516 0.08297722594112636 0.9921021983190952 0.6921395003319105
0.975840621715113 0.1801099023146501 -0.12367499383007141 -0.6149558086803971 -0.17912167090572376 0.9836404103695299 0.019156463661216178 0.39623764361702907 0.12510199048217624 0.003459216135073412 0.9921378562483782 -0.6817808175294043
0.9552289528304984 0.2159677022864328 -0.20222660369859402 -0.6134412556347345 -0.2032150696142191 0.9756871935070381 0.08208614930697755 0.36111334476395296 0.21503786447051004 -0.03731557309593514 0.9758925477984163 -0.7023439172646623
0.9688115881551427 0.1713905224937455 -0.17896758213607245 -0.6119186157527846 -0.1645050624623629 0.9849651101057184 0.05274292652748816 0.4740152692082833 0.1853164619794062 -0.021656885135014042 0.9824402212072159 -0.6331391097164939
0.9740048029311297 0.08222030295082126 0.211079287590627 0.6842894814435644 -0.0710243833489917 0.9956624383708278 -0.0600986338226885 -0.1490869441283856 -0.21510504605189273 0.04354458175402898 0.9756196433871549 0.7138073890596519
0.9593881036202626 0.034252162968826216 0.2800022427836486 0.708891582816147 -0.04120510040061452 0.9989703963067351 0.018981227666820914 0.03769147791437098 -0.27906380333696373 -0.02974788454195328 0.9598116778995696 0.7043096451881432
0.9648210189705132 -0.05103620387303237 0.2579063924119191 0.7090012257875962 0.07081978451507878 0.9951682979377872 -0.06800453588434695 -0.04822129051626857 -0.2531895722061602 0.08387708074222613 0.9637736642242428 0.7035566565477379
0.9727129276448796 -0.07529025805949224 0.21945600341267152 0.7091950993763289 0.09057167433399461 0.9940559896057563 -0.06041077169890555 -0.0368253994533739 -0.21360321205652372 0.07863883627226123 0.9737502766258301 0.7040498568820951
0.9929800295769688 -0.015669479804371528 0.11723961900306246 0.6818491932041085 0.02846147453204881 0.9937166965154256 -0.10824542269274508 -0.2790363977286841 -0.1148068174316505 0.11082235545741612 0.9871868111973972 0.6761807202734385
0.9762065793028705 0.0290451068906023 0.21488856714935248 -0.6112574142548367 0.04246496712877762 0.9461935495339064 -0.3208028886827221 0.6577185166596549 -0.2126439302979044 0.3222951265317869 0.9224469688395749 0.44019396447647274
0.9822393710424089 -0.011752526388611642 0.1872637073693042 0.7046148019235577 0.016901046175244225 0.9995211257190738 -0.02592053007670993 -0.06160740882991795 -0.18686939988236112 0.02862511772482946 0.9819676318610747 0.7069105375416955
0.9968337013775777 0.07450163062096576 0.02778630656808212 0.631305988043621 -0.0730117631153396 0.996013431198823 -0.0512496567631133 -0.35838937998420634 -0.0314937175428347 0.04905865781250546 0.9982992506503086 0.6877570804977611
0.9756674054822978 0.14097018499877534 -0.16793010695182903 -0.5784835345635767 -0.12233674715106163 0.985614478000816 0.11660969535881738 0.5168335355454726 0.18195283503133203 -0.09322825589160205 0.9788777544348788 -0.6310625141571937
0.9864429314321574 0.1624695270083683 -0.023108349599420226 -0.7058589799608748 -0.16226861512762802 0.9866925352658179 0.010331379156438638 0.7058070724486053 0.024479370336951488 -0.006441556053431413 0.9996795820579297 -0.05999564059265067
0.978453669060046 0.1221517112125674 -0.16645533019634734 -0.671655105037652 -0.08748641472993607 0.9755457694176779 0.20163476636972155 0.6876783895788158 0.18701482492207705 -0.1827276969129532 0.965212952689847 -0.2756408031898529
0.9893142275754768 0.08048210180215071 0.12157298386667144 -0.6930034945735264 -0.052504756757905724 0.9745577645150705 -0.21790000950248173 0.7072440074744173 -0.13601694612999832 0.20918841964338444 0.9683695552073973 0.13982871808182626
0.9916138425859906 0.09243241680108644 -0.09032295121482878 -0.6936598855493438 -0.08494066586719584 0.9928775690091627 0.08354170360061 0.6944747241026502 0.09740159379539678 -0.07516901810430295 0.9924024124534117 -0.1911565347096953
0.9759965550320953 0.1400463823957397 0.16678649628596665 -0.6215104850815774 -0.11729486167596898 0.983285051751806 -0.1392566782092133 0.5923765348788587 -0.18350106263969604 0.11635083918612285 0.9761095441756449 0.5126546184894648
0.9890048374039624 0.10048442834571636 0.10850028226505387 -0.6579048886657282 -0.09381847883694777 0.9934718224295982 -0.06489862145788258 0.6280145917930727 -0.11431327403360941 0.05400571912720767 0.9919757344215985 0.4156426710104679
0.9907068209393188 0.03895149230284756 0.13031798107586579 -0.6392478760811788 -0.02183940250127475 0.991240684335513 -0.13024955361325133 0.6315040349350075 -0.13424989922787947 0.12619305434708022 0.9828795844821779 0.4388220673422277
0.9940571916329063 0.0533288647718303 0.09490169621796601 -0.6506237258826971 -0.0501665487889667 0.9981131850947763 -0.035403207800504155 0.5870438432849395 -0.09661064716429307 0.030431922747491097 0.9948569148035247 0.48173467114145363
0.9953765652202373 0.0713516733024048 0.06429954997750781 0.6238867630670382 -0.06440139708272824 0.9924534335101466 -0.1043486577187929 -0.46374246817016135 -0.07125976048343063 0.09972522765513206 0.9924600372332257 0.6290534397689759
0.961470674412999 -0.06975496842483139 0.2659104861111425 0.7104768479162147 0.09206914435169719 0.9931184625663602 -0.0723808812337541 -0.10087199422674505 -0.2590316870619496 0.09407424562482135 0.9612765582328329 0.6964535083950395
0.9834429185484759 0.13030728315729934 0.1259366424557164 0.7116321681671411 -0.095839813014301 0.9637944734819068 -0.24882713502975812 -0.6973942543470082 -0.15380102794922842 0.23263753962311629 0.9603254755341354 0.08497594502866278
0.9961842433895702 0.0821213427996429 0.029547221174464802 0.7063267010128782 -0.07924117572363237 0.99295272309323 -0.0881233554267862 -0.7076379685574822 -0.03657580200468061 0.08544574160555239 0.99567124893169 -0.018737579675719925
0.979203787687855 0.1834443866964841 0.08664928832546365 -0.7014459392290894 -0.1637888926106572 0.9668394181302732 -0.195945753224941 0.7100087012471762 -0.11972109603212269 0.17767863275888368 0.9767789732717429 0.06213886458826286
0.9556255965944911 0.2164991097201327 0.19976950373821595 -0.6354903209735979 -0.19448489365116572 0.9730164785544586 -0.12415538088610856 0.5831913482690692 -0.221258548478737 0.07979390924043062 0.9719452591443674 0.5060038569546467
0.9997370390432315 0.0032566629739705366 -0.02269905089088254 0.7070242581702073 -0.001737522602733299 0.9977764799799467 0.06662639877730579 -0.7071848374425369 0.022865558822777503 -0.06656943852175377 0.9975197622476565 0.0025107867772762972
0.9791710716194593 0.052313862206213535 -0.196181732902604 0.6949656274640857 0.017910986669477824 0.9402136732887338 0.34011387081010414 -0.7131408338472294 0.20224541789648826 -0.33654347175658555 0.9196930371367935 0.09193980499831376
0.9938734171614599 0.0796749236558788 0.07659985117631085 -0.6620111021289244 -0.08244455165213482 0.9960258147401283 0.03369676949118891 0.42374633018484315 -0.07361064164019726 -0.03980556382836123 0.9964923434355253 0.6182073667572433
0.9795159703250234 0.09539593710445177 -0.17733606249771056 -0.6599721057873688 -0.06090315785763045 0.9797659559827341 0.1906553877030696 0.6731907176941552 0.19193558617723025 -0.175949670875517 0.9655063148823004 -0.3335432163798485
0.9959848868401264 0.08833829611106558 -0.014506916497080302 0.6915948788986227 -0.0873058218426358 0.9943255707771818 0.06078118764069235 -0.6681645608154063 0.019793904577962013 -0.05927060602714329 0.9980456886349108 -0.27432215213422756
0.9954036878212434 -0.06739700014234318 -0.06803780304861262 0.702792575384711 0.07273949844898042 0.9941881377137213 0.07936568650691404 -0.6970604824349981 0.062293367522229456 -0.08394993270477352 0.9945209626556921 -0.1420889855393901
0.9845702845421302 0.04020820784550916 -0.17030753012853364 0.6908750299708789 0.023218901286171267 0.9346205446968981 0.3548877569789316 -0.7153598758130773 0.17344231726914894 -0.353366293599611 0.9192660252222866 0.10465152191648378
0.984778574127029 0.0691833923671456 -0.15945161699057606 0.6993036230226207 -0.025833309682162797 0.9654402544908942 0.25934100161644935 -0.7099817610069585 0.17188309995808568 -0.25127429878348323 0.9525321132222616 0.08306829638854168
0.9131878891714769 0.25160534313965005 -0.32059730250599655 -0.49473250302147725 -0.02829705363184709 0.8239139768330381 0.5660079818650305 0.6526409003349046 0.406555230966592 -0.507799675150297 0.7595079552519208 -0.5738463258261303
0.9906835123588094 -0.13616346456110612 -0.002385216788735628 -0.7067844882742124 0.135921009047562 0.9875274267388702 0.07946735643015904 0.6915670947101776 -0.008465083573448356 -0.07905120085882161 0.9968346151708785 0.1489652330212791
0.9944538989942424 -0.032361973935129906 -0.10007070209692295 0.7086965563065372 0.05061298906065492 0.9813176557784585 0.18561784341979873 -0.704422019863306 0.09219418698321039 -0.18965326546224517 0.977513105173538 -0.039227656200125076
0.9932491880716245 0.07014089486097858 0.09239212771204669 0.6789639975482451 -0.07078260909306615 0.9974849661562296 0.003683007233776653 -0.16660498955526273 -0.09190142896079678 -0.010197899803729954 0.9957158882907097 0.7150179490674322
0.9956099887766436 0.08923922624884151 0.02823314978318686 0.6513541899026671 -0.08980121269246458 0.9957726178163662 0.0193037769906316 -0.24298495733406297 -0.026391143346481516 -0.021754404281647696 0.9994149555851245 0.7188157133825079
0.9250773007722566 0.259247700729994 -0.2775294889955429 -0.4830025546515402 -0.11504368889096855 0.8877218672427366 0.4457744228479544 0.6198658097013632 0.36193499035361804 -0.38044778365142357 0.8510361606138988 -0.6184455595793046
0.9890986542752711 0.14680690180125455 -0.0114710807844991 -0.6865970846918583 -0.1443824472642718 0.9821710421753955 0.12039000304874645 0.6126727690696753 0.028940646724419927 -0.117421367287279 0.9926603958411749 0.391428820263835
0.9719195301870829 0.14709509696959305 -0.1836721516409791 -0.6820227000286081 -0.09203391974095326 0.9559867947043716 0.2786018771795644 0.7058849024162548 0.21656912166335263 -0.25387453751482847 0.9426799747229146 -0.1912368719323794
0.9644644281319681 0.19642343450398442 -0.17670936943392337 -0.46297772317722874 -0.14475887877955745 0.9523396804097042 0.26850325907077566 0.6059692699468843 0.22102767673429777 -0.23338159202216793 0.9469317813985534 -0.6468793332003036
0.9993588286337931 -0.0009419078967194683 0.03579168117323711 -0.6883043264314276 -2.0191653637507967e-05 0.9996389181194628 0.02687067124668474 0.23811190104275315 -0.03580406714312889 -0.026854165234919986 0.9989979592499405 0.6852297985330066
0.9961416249623357 0.0004949021843115853 -0.08775886330864391 0.7207081682100206 0.023284484113704762 0.9626548633044212 0.2697284689384943 -0.6745457162749036 0.08461498577058259 -0.2707311752055417 0.9589290562679129 -0.15989938377158855
0.9544002566580133 0.28674252222955376 -0.08305947288873419 -0.7089744630017702 -0.2937930710115117 0.9515371986383134 -0.09089879555403127 0.6453975500246998 0.05296962824812948 0.11115613142325112 0.9923903127954603 -0.28428368443065216
0.996588409667885 0.07375604435611977 0.037034951553551854 -0.6955905224375909 -0.07759510736456426 0.9902132370933728 0.11600320856832141 0.5231936004693908 -0.028116561466821566 -0.1184811841855146 0.9925581433675714 0.4923639726085518
0.9898125557811783 0.12677348698276647 -0.06480422375248421 -0.6986546518094142 -0.11976182438342953 0.9874915667348103 0.10255491722965865 0.7061581676405048 0.07699486890880672 -0.09374907266666614 0.9926141755666475 -0.1149883462776604
0.9264879860727391 0.25752170624796883 -0.2744131601691403 -0.57175655649045 -0.18564027709008862 0.9470488456150397 0.26198505976703257 0.5793601289885113 0.3273495061624415 -0.1917838753137381 0.9252357785909763 -0.5808926588007447
0.9802308265694767 0.1749013519319611 -0.09250429036154151 -0.6637000857145553 -0.17557562988174746 0.9844655685227024 0.0008617336594276548 0.6211678058180199 0.09121800718360312 0.015396801149728273 0.995711912994822 -0.41671663422248767
0.9970758818413104 0.07420753979830169 -0.018246284209602226 -0.6860174831811376 -0.07366165275061382 0.9968626328306971 0.02896294494519233 0.6942668579488068 0.020338307806256395 -0.027534202420513687 0.9994139387324171 -0.21765464094227086
0.9910737089424148 0.09391725694534786 -0.09461739951503467 -0.6855112086042774 -0.0833436813660538 0.9904195730775294 0.11010404189346676 0.6929584469468915 0.10405159402661673 -0.10123545877204337 0.9894062096367368 -0.2233449656537061
0.9962413139638367 0.07786797590965855 -0.03794499544526146 -0.6875579537929786 -0.07647161344016096 0.9963865220715362 0.036959315091692896 0.6880365891622632 0.040685829098921794 -0.03391868160647296 0.9985961077175356 -0.23209849665599216
0.9887041183915467 0.12749963329974323 -0.07879092450292252 -0.6646853526786088 -0.12093796106665794 0.9891754825522256 0.08310159018100188 0.6665299731648924 0.08853347304061768 -0.07263407069690281 0.9934214190993486 -0.3375369265833315
0.953751602058746 0.1699980519901264 -0.24790833767733111 -0.6427062198771207 -0.14899718928246963 0.9836364735484278 0.10128734121861949 0.48814994252270716 0.2610703337346073 -0.05966531844191719 0.9634740944202522 -0.5904560513250243
0.9769963577369999 0.16299807606700178 -0.13751270547513697 0.7025617528999798 -0.13014822896370287 0.9665491379092364 0.22100724536657973 -0.7093445552656542 0.16893654272018058 -0.1980262386790396 0.9655288982357726 0.05689714647571715
0.9918910325736603 0.1017293735006275 0.07617948586810003 -0.6764259793373443 -0.09916622533261177 0.9943933215884511 -0.036714870741551 0.6470520557377812 -0.07948735278797514 0.028862718989327102 0.9964179365102291 0.3518117844004462
0.9918051745574054 0.12499049108988303 0.02645511024858266 -0.6634346411648618 -0.1261110266650674 0.9909458363486422 0.04606906094954477 0.5633240275630509 -0.020457386798844013 -0.04902781415074525 0.998587887351415 0.49246372137711225
0.9936132450758748 0.10798100310862019 -0.03275396430122116 0.7053145068290317 -0.10394660287558982 0.9888460849265357 0.10667016488262403 -0.708370083168286 0.04390698077087385 -0.10258422536198232 0.993754825772669 0.02726301026436871
0.9962295804953194 0.05178910549639748 -0.06960252508352838 0.6648994014616569 -0.049290368836642576 0.9980932964512883 0.03715146186825499 -0.2743763356582408 0.07139385467999293 -0.03358065113847078 0.9968827701304948 -0.6947131871259439
0.984699087037799 0.10568756017681652 0.13855629762229305 -0.6513283847337568 -0.09912100676519489 0.9936369401629399 -0.05348511158710029 0.3113427530539141 -0.1433273665591464 0.03893290083595277 0.9889092451927617 0.6919805093793645
0.9986810682711544 0.04733601396785991 0.019885312630697594 -0.6803275551304493 -0.04858414909612063 0.996512098005963 0.06784702634869108 0.5975177577991714 -0.016604346822201466 -0.068723651746605 0.9974975465419549 0.4244136506344677
0.9732148942560176 0.18062250365127586 0.14222616064913474 -0.529993440339007 -0.15674929052068606 0.9738905397153744 -0.16421594494493674 0.47803892476686916 -0.16817380747164606 0.13752355371950564 0.9761172279254413 0.7004182604739536
0.9823421516338098 0.0998737898264534 0.15820595193973763 -0.5337353995214257 -0.07352595497591669 0.9836456897641201 -0.16442351095067823 0.5243653775035103 -0.17204020189576785 0.14988790182723113 0.9736199391022631 0.6634511844689894
0.9595220105172831 0.21909992787966742 0.17695404187527117 -0.4646618063683567 -0.17793534806116817 0.9586444448993597 -0.22212573055355267 0.5081691067173656 -0.21830374079071913 0.18164814853645816 0.9588260670685038 0.7251576136817226
0.9889350254644341 0.1389264986575286 0.05202829403717346 -0.6844719134672705 -0.13312747990360563 0.9858401847582741 -0.10196177818323435 0.6958813402047177 -0.0654567758461572 0.0939071780351832 0.9934268228758951 0.21736457859858205
0.9991602143100086 -0.040923305211383154 0.002036966016884134 0.5326506026253818 0.04097161800681176 0.9973349533586302 -0.06036818141241984 -0.5739907685485008 0.0004389281055541816 0.060400942871075725 0.9981740997653683 -0.6219468893273113
0.9735457736486594 0.08395788822181219 -0.21250811658891294 -0.7478143531085126 -0.12413591235563637 0.9751644153047767 -0.1834247485671639 0.47214327705453774 0.1918303987236306 0.20495227768587296 0.9597893841863981 -0.46674877527112896
0.9250342865219268 0.09395660410063889 0.36808113956673477 -0.7041628677967282 -0.09380020606599279 0.9954217321517745 -0.01836018796031222 0.16741078241101398 -0.36812102643131855 -0.017542283370089166 0.9296123806153384 0.6900204964700828
0.9909032728217997 0.13273848599665672 0.022162992721246555 -0.6704970061004701 -0.13258042984358498 0.9911361338554019 -0.008461311284763517 0.25779607233715873 -0.023089684569887525 0.0054459619428329775 0.999718564379486 0.6956830815089875
0.9990474321774332 -0.022196930762473352 0.03757026117027418 -0.7090669547929229 0.020774371528252566 0.9990678468877633 0.03783996303717718 0.07786735104508262 -0.03837517097398774 -0.03702341934201618 0.9985772942907035 0.7008286019148424
0.9909874057345859 0.13327918785283654 0.013439485136115592 -0.678786326338187 -0.13373267272610698 0.9901291867168187 0.041949563251876903 0.30605738563212886 -0.007715822766723501 -0.04336878712599185 0.99902933609692 0.6675162918433786
0.9898757898276611 0.12404984675396613 0.06897504065516263 -0.6137031023600449 -0.12139156034130638 0.9917369119342847 -0.041496826203358705 0.5388855434250527 -0.07355276875119582 0.0327037158036558 0.9967549634597597 0.5770362841634328
0.9868303243459231 0.026177461527708494 -0.15962660009937413 0.6995077607219006 -0.020367651936387066 0.9990730111804114 0.037924623735821755 -0.12924608520899325 0.16047139840457053 -0.03417394971130534 0.9864487170933981 -0.7028401967360589
0.9932803819095247 0.03714767162640531 0.10960900239672655 -0.6727153755657518 -0.039433532710096086 0.9990460651460801 0.01876049610582156 0.5279186226251714 -0.10880753380014957 -0.02295670291813512 0.9937977210576898 0.5184167738055662
0.991864950974331 0.12716003043210816 0.00585198164667311 -0.7157119877496804 -0.126306318986518 0.9774062923463276 0.1694805400802144 0.6154515798984019 0.01583138695009656 -0.16884094983833323 0.9855161596061862 0.3301146821817571
0.9893647428557166 0.029597729897268568 -0.1424127100330933 0.7072289361067863 -0.034969180628844916 0.9987625342041397 -0.03536321077435579 0.0025513310103321544 0.1411898084147321 0.039967169715312785 0.9891754461897841 -0.7069800015865647
0.9960022797283381 0.08798519578097726 -0.015429325952120765 0.6819694575241835 -0.08704011137727143 0.9947480237158578 0.053855253456164265 -0.27691533278203945 0.020086756517314286 -0.05229698496833812 0.9984295406165805 -0.676930984277115
0.998200091990877 0.059971337151349446 -0.00012275864242872192 -0.69353239262977 -0.05986447101250886 0.9965393877264033 0.05766709477924252 0.2455207220877201 0.003580706605908923 -0.05755595043229532 0.998335860875506 0.6772978631287351
0.9843782803798702 0.13629232577713524 0.11146211486702046 -0.6637853886563585 -0.13860073064428136 0.9902604462832644 0.013194165064207258 0.40246222546048077 -0.10857826016860417 -0.028436780076678436 0.993681091174442 0.6304071025010143
0.9956910486974537 0.09034989923974657 -0.020886149744092086 -0.6058032223811854 -0.09053935530413593 0.9958582184706446 -0.008308660877971275 0.3881764294336045 0.02004895720172062 0.010163877795474341 0.9997473355319745 -0.6944937115516235
0.9958098599753806 0.07123215122106549 0.05734721796418757 0.6327944161103515 -0.06832600710191827 0.9963516321545424 -0.05113689330110116 -0.3332845784434207 -0.06078058513474005 0.0470043161358491 0.9970437877722723 0.6989224683120088
0.996201906767487 0.08676408470498437 -0.007331750004636595 -0.6255684618521493 -0.08704320508030766 0.9945348320508334 -0.05765369274355153 0.5440736293586856 0.0022894108787430145 0.058072897662563516 0.9983097200543034 -0.5591493408494763
0.9969355509783484 0.027231910377960855 0.07333437292746017 -0.6971477923486252 -0.02852968704319797 0.9994533082361841 0.016707531623927102 0.653719188060302 -0.0728393036259565 -0.018748538954117572 0.997167452404245 0.29434024323088687
0.9523670383340876 0.15045609570393287 0.26525457123353663 -0.6978943930376537 -0.12941138218954268 0.987009645673977 -0.09520847392077224 0.6088737914352209 -0.276133515630665 0.05634645163680754 0.9594661843615906 0.3771155290755128
0.9852092919963764 0.1275789951245403 -0.11439515272515216 -0.6741751804054945 -0.09653854039206733 0.9648109513848265 0.24458155757717048 0.7099434421587042 0.1415731654762571 -0.22992048210396135 0.9628570042982053 -0.20363726343935626
0.954612255999149 0.21569017870116797 -0.2054098038265781 -0.576390287951193 -0.18537837467660673 0.9700340096408275 0.15706329406452252 0.5405413244044156 0.23313150558960227 -0.11185600990558 0.96599064910046 -0.6128534184996127
0.9876647247732663 -0.1451010424847078 -0.058856426228565295 0.5465243914189669 0.1451351565064134 0.9894048545479641 -0.0037175452627500327 -0.6052138043497118 0.05877225352499585 -0.004870448313324782 0.9982595358667108 -0.5788154633462005
0.9799350761875403 0.18970112661236677 0.06116149948553121 -0.7072603258911767 -0.19453938587914055 0.9770860310921529 0.08635574784779348 0.6350320003061335 -0.0433782641317825 -0.09652134689582198 0.9943852149918209 0.3106721584041566
0.9890364131054845 0.0017891183751929662 0.14766100570860702 0.6776141418315039 0.030963815451193366 0.9751857991755364 -0.21921199606562164 -0.5406278297083539 -0.14438911206923488 0.22138079442853534 0.9644388669967878 0.49855854674730987
0.9924478278242139 0.1100633007809278 -0.05416067640093658 -0.580346516263548 -0.10846324019487469 0.9935963787874538 0.031653776818688584 0.5679234667019697 0.0572977711034971 -0.025540279592548953 0.9980303900908555 -0.5836615946162469
0.9966409837545315 0.04717650768291967 0.06694121767374384 0.6352879228075553 -0.0387576754537331 0.9917830980382746 -0.12191853443601472 -0.48074917620876706 -0.07214285892743127 0.11891452210914388 0.9902801342737977 0.6043918304456585
0.9782618736218402 0.0014131332063481716 0.20736853587858428 0.6933652279725285 0.060627069766494956 0.95433807730144 -0.2925118674927902 -0.5265168152625569 -0.19831304805638783 0.29872535424220736 0.9335068814440803 0.4919600633022745
0.974183707267443 0.15008247085273796 -0.16864565347911575 -0.6467612123650258 -0.12809213078225146 0.9825976070171836 0.13451523599863152 0.6488541870364704 0.18589919452844203 -0.10944037018779665 0.97645496304071 -0.4008592996867643
0.989484435470805 0.038190813804938856 0.1395063213690998 0.6333961927565323 -0.017507278772508433 0.989043499020417 -0.14658257821252896 -0.3993579015175524 -0.14357592817392367 0.14259880359374338 0.9793117655081194 0.6628140987464183
0.9967497132350513 0.03878004458771708 0.07061244442459919 0.6631064156994736 -0.03195123392511323 0.9949267929377872 -0.09539284745300008 -0.3300456932666654 -0.07395355175044094 0.09282663861361837 0.9929320658268577 0.6718331056254394
0.9954451922031159 0.08988719690965241 -0.0317672968857467 -0.6466643060071665 -0.0910044121819738 0.9952114630914535 -0.03566988498413309 0.35626856303471355 0.02840891203681134 0.03839837969359078 0.9988585976772646 -0.6744612563590664
0.9599982190176335 0.23858875683328837 -0.1465565576687643 -0.7070589143245699 -0.25199941084142014 0.9643519122986723 -0.0807569574802752 0.5468433045311718 0.12206439455692591 0.11445870154182208 0.9859003444683502 -0.4483637942158005
0.9870674925905571 0.12110630310875714 -0.10502870283079735 -0.6416742716541158 -0.12013273455394899 0.9926357299677512 0.015570281949288639 0.3316165163789216 0.1061409023872541 -0.0027515338848945747 0.9943472923992399 -0.6915812426330462
0.9370944178587373 0.3043432571618256 -0.17096559255629584 -0.6740583143456145 -0.22044314115370978 0.8956962290050832 0.38617753283219225 0.7194968221661268 0.270663764727161 -0.3241966180671912 0.9064423198954887 -0.16724147737446504
0.9378959543475159 0.3241412825029561 -0.1236268894533126 -0.6992870511451661 -0.2987866631653092 0.9358312692024047 0.1869394701435656 0.7081062810439573 0.17628870846739733 -0.1383917069782566 0.9745614535300179 -0.09789338510233578
0.995508406783241 0.01580461927611046 0.09334466258673157 -0.6888571509884777 -0.02027195036448548 0.9986841807586136 0.047105786596941174 0.28910774353547586 -0.09247734886075282 -0.048786484932139884 0.9945188881241283 0.6647499816922625
0.995470707203489 0.0950680674263174 -0.00036558940208648166 0.6934174189835801 -0.09469756608894186 0.991236978003488 -0.09209573505511928 -0.7056324090609737 -0.008392977815782077 0.09171322693231018 0.9957500900974332 -0.14579158526114142
0.984873526821523 0.1559142950665957 0.07559675098852987 -0.6551727699503143 -0.14406728830911708 0.9792256914225359 -0.14269429455067567 0.6753831062697073 -0.09627436110093429 0.12964481421153612 0.9868756099644289 0.3385355244004889
0.9970440748382446 -0.02552611613266753 -0.07246744251821657 0.7097334971140693 0.039234334620423916 0.9801032737203587 0.19457193998500555 -0.49314104329693037 0.06605891171403033 -0.19684001178067811 0.9782076619743585 -0.5030807832647244
0.994408130467632 -0.09353039015986059 0.04903607015670702 -0.6847545822760269 0.0909143248553616 0.9944412584493756 0.05311467810047485 0.6044583931139019 -0.05373132788200036 -0.048359586538425925 0.9973837249493647 0.40711326807922094
0.9982651018376756 0.020261160446470305 0.05528355840914867 -0.6722459659166102 -0.019122604267188786 0.9995955987408549 -0.021046733332106188 0.24684287927663176 -0.055687632909433904 0.019953053783185182 0.9982488483267435 0.6979641496948579
0.9338991934123066 -0.3543886656838957 -0.047338886537723335 0.6726809855193117 0.3538805663838466 0.9350976940689657 -0.01899598069987299 -0.6870888496390805 0.05099844389480253 0.0009880190737368566 0.998698243984948 -0.27460736410812586
0.9907505455168814 0.13303763736294574 -0.026727207165871014 -0.6253274782840463 -0.13388383927977268 0.9904523476740422 -0.03285216228327856 0.4004828133144255 0.02210145103177591 0.03612663881215997 0.9991027934253944 -0.6697604505662293
0.9866232343153221 0.15205986778685882 0.058757043133703835 -0.6441350838597855 -0.14822577846215956 0.9868220542645085 -0.06489492905043992 0.24312982951182366 -0.0678506603391576 0.05531753633178041 0.9961607591477001 0.7252433245073675
0.8336141958582064 0.2855819801158679 0.4727899164499771 -0.669266333447218 -0.12804736776790593 0.932564402410528 -0.3375314903300212 0.607143541066557 -0.5372999572598037 0.2208315375796549 0.8139669452372243 0.42832148610042825
0.8820838776572895 0.17270820336771553 0.4382920365082806 -0.6810802632132544 -0.09432512000688281 0.976283214255681 -0.19486882074432382 0.5453523289282082 -0.46155260210811 0.13054869609495157 0.8774544053312062 0.4885903318670392
0.9843540424638393 0.13577958282190006 0.11229881554944837 -0.7421109221388219 -0.16153373341862465 0.9499725788069064 0.26731807361792315 0.6336212056698685 -0.07038445888787495 -0.28127567332364056 0.9570423311136211 0.21862192700580133
0.9690646127630609 0.07993048240240691 0.2335056621868024 -0.7087594402412475 -0.08921148106879911 0.9955774825986191 0.0294412599612838 0.5161619161930776 -0.23011972522122026 -0.0493618691452736 0.9719096243677163 0.48087101403682475
0.9004732097137609 0.2982505051931206 -0.316535360962793 -0.56282116741402 -0.1289866533720903 0.8782143873730823 0.4605452562591323 0.6471595535545356 0.41534376345343815 -0.37387982823759014 0.8292788627460396 -0.5142147856234923
0.9954254702015577 0.014567096705055071 -0.09442421812010593 0.5883222520632011 -0.005192607124002491 0.9950961849593389 0.09877560179834494 -0.4883989221148625 0.09540005296258242 -0.09783344199687055 0.9906197290190528 -0.6444714272986224
0.9677040052508941 0.01608736851141132 -0.25157534616046034 0.6407484558378972 0.012544081305497168 0.9936524073889789 0.11179239381231595 -0.2950229330391146 0.2517768937880885 -0.11133772884545884 0.9613596131989095 -0.7088038412158533
0.9699696862907264 0.24319483468500175 0.003883305242213253 0.578974701562566 -0.23947191104853965 0.9576717677709348 -0.1597435101443947 -0.6841195446865086 -0.04256772833767247 0.15401641989420037 0.9871509159734103 -0.4435862300933852
0.9855105401159411 0.11902834437421517 -0.12083554342956893 0.6130143618119446 -0.10932181408121924 0.9904483598839364 0.08402849141339733 -0.37666070348855246 0.12968313801870035 -0.06960100314473441 0.9891096926402398 -0.6945070961911068
0.9637382066031854 0.07382517109477062 -0.25643422791449616 0.6172803243462737 -0.043759017635028735 0.9916825960167645 0.12104039463364313 -0.3226132068551607 0.2632371886890094 -0.10542994294923358 0.9589529235686329 -0.7175553776103892
0.9587626833962899 -0.014405954094506235 -0.28384253630027406 0.6724086630422546 0.045450836968984165 0.9936326977158105 0.10309356647637845 -0.23684882000150154 0.28055006388444154 -0.11174314527803306 0.9533127142432372 -0.7012625944178288
0.9655429159968063 0.11942661558557768 0.23122318408446674 -0.6479898003151744 -0.10082127895434967 0.9907600688230757 -0.09071689884307235 0.3321180456916474 -0.23992070998226422 0.06427884189583427 0.968662110029156 0.6854245563251009
0.5440630811451358 -0.83646165764352 0.06578190501282312 -0.7135499837500661 -0.8372968307321896 -0.5362013979889828 0.1068741224080529 0.6928196529092795 -0.05412375615838226 -0.11322524491877063 -0.9920940796781283 -0.10415060841370959
0.9861832333959728 0.14147104818149714 -0.08618916808446897 -0.6652665760244513 -0.13711916993783074 0.9890537901508736 0.05450626958205243 0.2000939884241671 0.09295678245413114 -0.04193498199140645 0.9947866574704125 -0.7192932493922158
0.9961639805641435 0.0454605113324843 -0.07477075455008941 0.675038294614096 -0.03587896783229477 0.9915284948467593 0.12483566627454096 -0.3937688007640248 0.07981242693897883 -0.12167409673512478 0.9893560484930595 -0.623914603410879
0.9952198696800181 0.09354351519263071 -0.02805390809662539 -0.722822005747399 -0.08444407219838723 0.9685733979702436 0.2339546353781644 0.6188360786956241 0.049057208080376974 -0.23046731549133456 0.9718426862540954 0.30752277267209155
0.9523805512361296 0.11247563085273488 0.28340874737990174 -0.6750971463076977 -0.09548553777828907 0.9927421958393585 -0.0731125480012808 0.24856864260689265 -0.2895752021537004 0.04256953211309662 0.9562081558077797 0.6945915871645508
0.941401450897386 0.2532291547227606 0.2227965516938963 -0.6550543133317405 -0.24406528935442376 0.9673562140190893 -0.06822088925685629 0.5096558429982688 -0.2327991468640649 0.009846339271576826 0.9724749903325607 0.5578124848757026
0.9880223371761241 0.14325737089308377 0.057351433511558636 -0.6271841192078874 -0.14367106456672296 0.9896205324406643 0.0031348011291977285 0.5698094860575383 -0.05630707279990338 -0.01133699504528543 0.9983491303627461 0.5309964502821751
0.9635406824015078 0.2466212789152899 0.10376559229062313 -0.6647044833636659 -0.24511630508457694 0.9691116154294279 -0.027215323283935527 0.6269677816497656 -0.10727231860513431 0.0007884325915907264 0.9942293638970472 0.4062995822904738
0.982723762884004 0.1706845230968013 0.07155976130704544 -0.6308748048769526 -0.17139022536042015 0.9851959147428009 0.0037947628384715215 0.3948107673767257 -0.06985267721432092 -0.01599384723302763 0.9974290953930902 0.6679232280246493
0.9954211381319484 0.018024385581710406 -0.093871610641866 0.7000915901215544 -0.003489885143862892 0.9882587609694435 0.15274960578941985 -0.3308210250042326 0.09552265941533894 -0.15172258530470156 0.9837965636485415 -0.6327947651934411
0.9812320053628796 0.06746757305920313 -0.18064295789496615 0.6736940395230586 -0.047573642922903364 0.9925367079265546 0.11228371171884491 -0.2846156464577552 0.18687027626293468 -0.10158252804403745 0.9771184625446377 -0.6820046003529138
0.9786349775063494 -0.05856491780718803 -0.1970881305492138 0.716776299904852 0.08383104256589649 0.9889343571595962 0.122397685973434 -0.15815227051921274 0.18773901326964887 -0.136304760120745 0.9727153104916999 -0.6791315006862273
0.9938803405091378 0.04114553121077663 -0.10251299435107575 0.6871349735555444 -0.030298402574604977 0.9939885591952079 0.10520813176965671 -0.2858356282745871 0.10622558802316817 -0.10145831385557944 0.9891523315438908 -0.6679397590544327
0.9373246984650174 0.3219223739881268 0.13337314112411341 -0.6699712139787128 -0.32332874670261075 0.9462158832174593 -0.011576869297116654 0.599540605142651 -0.12992663777371766 -0.03227208504036122 0.9909982751367254 0.43782374904186466
0.9554233850959626 0.28802094111609416 0.06488522705802402 -0.6678561300840096 -0.28792681587740543 0.9575892374861147 -0.011000043157173539 0.6534946518848462 -0.06530163788505333 -0.008172498354871022 0.9978321032920161 0.3562484097748566
0.981941220955306 0.1886654135389922 0.014028553844358943 -0.6915914444784411 -0.18916561797957765 0.9802262663437884 0.058076120257134656 0.676016711166693 -0.0027942017120062 -0.059681056490965945 0.9982135863295563 0.2543672151586972
0.8481213168462161 0.39439100548682027 -0.35375975845499313 -0.5285516863039165 -0.09742336842362315 0.7724312616006724 0.6275815750856526 0.6711331929570842 0.5207676249499725 -0.4978008446086532 0.693538318992452 -0.5198204999964078
0.9306725014787799 0.28932523100654856 -0.22391874797398673 -0.6139293524724985 -0.23565531988787503 0.9422398049746313 0.23801411750127893 0.6097865357499368 0.2798486469500502 -0.16874554993947719 0.9450977061530992 -0.5012495695666879
