0.9634459482290663 0.08927824145498783 0.25258919304613925 -0.6973490027760013 -0.09416981143828096 0.9955292536981291 0.007317898941955281 0.3052847252163708 -0.25080660169675256 -0.030836676765679222 0.9675459409823262 0.6484640351452663
0.9958141635826079 0.07169595676590468 0.05669075225900777 -0.6854535535812458 -0.07063357391273907 0.997291053316142 -0.020529325656075306 0.17188235726147458 -0.05800904967834147 0.0164391228172642 0.9981806977679013 0.7075379008541386
0.9889415102375072 0.04355406665635889 0.14176647208297327 -0.7081761779925342 -0.033296623491836735 0.9967066810120394 -0.07394002224781905 -0.012341102255545676 -0.1445199785261605 0.0684020124240403 0.9871348137428545 0.7059278986688405
0.9946761059286553 -0.005622569592889856 0.10289718657854241 0.7006077794516604 0.01698104713537607 0.9938034788531573 -0.1098466633883259 -0.20816759140157604 -0.10164196147651011 0.11100915336374362 0.988608051523288 0.6825064052900017
0.9331144890752158 0.32712071236771356 -0.14929631548681432 -0.7231302805506843 -0.3490877612060793 0.9236793192406172 -0.1579691431366168 0.6760716214113165 0.08622694041902557 0.19952081281718215 0.9760923931671348 -0.14145585909732447
0.9879501605072174 0.04608219263334218 0.14775287434045642 0.6418716156857655 -0.012151749268669021 0.9747946080591922 -0.22277299452230898 -0.47381009598728463 -0.15429457327940788 0.21829315981227818 0.9636084687442801 0.6029136106586622
0.9821601265514884 0.11026617705876252 -0.1523248371382997 -0.6552360070175026 -0.11778157230952688 0.9921844360866677 -0.041201286529387704 0.43853935045817766 0.1465912242825591 0.058407319611729375 0.9874713150158407 -0.6151008154826969
0.9420956690858637 0.21751759967520468 -0.255229003291546 -0.6091461094422453 -0.1892665307652931 0.97317896997407 0.13077030523891278 0.5540780392678281 0.27682834143513735 -0.07489183020694162 0.957996494328933 -0.5673962845776267
0.9059550327549094 0.39559529892692075 0.15083049457245412 -0.6750261454251567 -0.34843819191315956 0.8990508574385595 -0.26513842074523897 0.6983719806156985 -0.24049179828497141 0.1876483818366444 0.9523401596865217 0.23794175691408545
0.8837213977528071 0.2975203734882156 -0.3612729141705168 -0.5267193455469549 -0.18107035036135527 0.9291665824500346 0.32227781536764116 0.5648408141354297 0.4315669349867305 -0.2193879883164896 0.8749965092550958 -0.6352334891308962
0.9361970930586846 0.34919486857944554 0.03997432558847026 -0.6936226924919082 -0.3370409428477207 0.9241827349237155 -0.17969328121340783 0.7111694576587431 -0.09969155326700897 0.15475534312812925 0.9829101576342092 0.11456684927868598
0.9650135833530322 0.2364764119645053 -0.11325939487977882 -0.7057027955991155 -0.2431706564292611 0.9687310981071502 -0.04927566754370069 0.6349766103246721 0.09806536491494927 0.07509304990815563 0.9923427926173438 -0.314306011116845
0.9383408927026864 0.33780537913421316 0.07351118901171302 -0.72346735078183 -0.34532127024099485 0.9259464342475034 0.1528934963413384 0.6432332246209006 -0.016419177843948723 -0.16885119701181733 0.9855047863235397 0.25069106704571315
0.9816381063504901 0.1051165547331234 0.159176436954915 -0.6765808883380644 -0.1053150991657838 0.9944127521807737 -0.007211670261453806 0.3048618254486816 -0.15904514468642156 -0.009684431903685314 0.9872238113671985 0.6702966275610919
0.9972624939166338 0.040695627653771854 0.06173640835877686 -0.6899371421391114 -0.04379174737358807 0.9978059187270274 0.04965512476352385 0.31409055995312485 -0.059580207192858226 -0.0522227387560138 0.9968565515999167 0.6521762492189116
0.9995225350617283 0.022310028669256715 0.021376728574623804 -0.6886333156778423 -0.023951552734809645 0.9965157555211626 0.07989162734403457 0.41183630596335113 -0.019519862329633042 -0.08036548773486898 0.9965743140156529 0.5968039993406565
0.9973910449725296 0.033409642221653546 0.06399139954108499 0.7051926951543905 -0.03599798144736627 0.9985617426481816 0.03973149193199338 -0.7086854718318866 -0.06257194850986145 -0.041931395469839386 0.9971592196503181 0.021637114301660133
0.9241291025905866 0.036771449324884534 0.38030680017541696 0.7082450315245744 -0.09577117124366691 0.9858752736584779 0.1373966067537234 0.17850085120581133 -0.36988279833446314 -0.16339463058304227 0.91459767668243 0.6830273943551279
0.9502953914661938 0.02652312136871325 0.31021797657610606 0.7039068036366304 -0.023732418154492375 0.9996368167963472 -0.012767412964506931 -0.045174793138049785 -0.3104439422611644 0.004770590961971945 0.9505797179485893 0.7088543220288612
0.8863826647026267 0.002187390421166672 0.4629481472452568 0.7066353065008689 -0.0037167010958002833 0.9999902338482523 0.00239130530925802 -0.010469362491526477 -0.46293839530507197 -0.003840251458302829 0.8863821380313922 0.7075004848446707
0.9472485744006346 0.011759447354480777 0.3202840203536275 0.7081759910604298 -0.024432082219685774 0.9990682388924768 0.03557706276093796 0.042251071275388304 -0.3195672255635369 -0.04152552750059166 0.9466532728044739 0.7047706099587724
0.9019605463630813 -0.011350690987704616 0.4316692421501825 0.6964290890699849 -0.04864355760994158 0.9906208589161948 0.12768758037956923 0.17790590883110297 -0.42906989769437276 -0.13616708741190842 0.8929487931557432 0.6952237132751805
0.9290374636053176 0.13510806020389157 0.34443461394833685 0.6370237758289988 -0.09547540625551387 0.9869565091347801 -0.1296198128251747 -0.2533937098403462 -0.3574546656824371 0.08753662744491772 0.9298190688716954 0.7280057258304443
0.9339922085960202 0.26958608664047623 -0.23448218732305037 -0.611077113058944 -0.23923779433934386 0.9593064999260332 0.14998772269525779 0.5638029183440997 0.2653748896214071 -0.0839903630753994 0.9604799773388765 -0.5556177023477769
0.971774864644691 0.022027348667592254 0.2348795613829972 0.7040849911447568 -0.0238069372424409 0.9997053215740896 0.004743390726113496 -0.03862540076580793 -0.23470586312217945 -0.010201270858202858 0.9720129072645847 0.7090644566330825
0.9771856082969688 -0.01358948169527994 0.21195191182090445 0.7069524827768121 0.013743632539235797 0.9999052735435257 0.0007459922744366765 -0.007158496369951931 -0.21194197201571302 0.0021840162775747865 0.977279811809796 0.7072248178800165
0.958906114964843 -0.0032305211112170044 0.28370517516672317 0.7049507857034757 0.023076340811185682 0.9975103256271964 -0.06663807291549408 -0.08266658895440988 -0.2827835659613146 0.0704465329201848 0.9565932995906505 0.7044221921594286
0.8950948833000048 0.3179409520282226 -0.312599905491889 -0.5671941705565116 -0.2621156722019362 0.9423692699627313 0.2079315594517484 0.46886994052699515 0.36069450269761205 -0.1041811405835825 0.9268472180842029 -0.6770906525399114
0.9717983337971933 0.16460510124066324 -0.16885839947882453 -0.6516412457296915 -0.16551458964234955 0.986168312597269 0.008773815850552091 0.35814165630422884 0.16796701772825468 0.019422149072791606 0.9856012688105015 -0.668654051721456
0.9883058261523274 0.11181732264069613 0.10367487810859743 0.6644791704874624 -0.10957869213542241 0.9936096960340133 -0.027060712797080277 -0.20186056671942487 -0.10603822057756501 0.015383702566749771 0.9942430474849102 0.7195274446412774
0.9686318617773048 0.041495244330998875 0.24501114474191393 0.6998842936605466 -0.03069173976101481 0.9983876656186269 -0.047750248701250046 -0.08319668150683533 -0.24659751308615124 0.038732594006853874 0.9683436645639942 0.7093943104321657
0.9423477289037845 0.042170625376064697 0.3319674625400375 0.7096650575343072 -0.05541258445887304 0.9979969704647056 0.03052036085726647 0.03484375965536908 -0.33001545920375885 -0.0471559677947671 0.9427969619106074 0.7036770697755522
0.9705680256688035 -0.0634832872381698 0.23230923311568386 0.7112711850526058 0.09086601583151527 0.9898657419723241 -0.10912918966292823 -0.11571046768076605 -0.22302707171163755 0.1270263166080815 0.966500512246484 0.6933284856278158
0.9745838897635808 -0.11398701033936835 0.19285539475778585 0.7030671786361226 0.12606224609504596 0.9906843637819832 -0.05150535377375093 0.03070434508374796 -0.18518788276439885 0.07450807225918474 0.9798744793316433 0.7104602631517266
0.9773101997170912 -0.134997874261123 0.16321871055095738 0.7093242973050952 0.14938492295582115 0.9855945572535469 -0.07929384279796642 -0.016434763305014963 -0.1501629725412446 0.10187709584181959 0.9833982606352393 0.704690669590382
0.9870029807166278 -0.04228869792296075 0.15503800206553248 -0.5803460860686617 0.08116099419531758 0.963849829519895 -0.25378415859879166 0.6363241625076101 -0.13870115023935176 0.26306875938136287 0.9547548474660035 0.508222373173175
0.9736232707547635 -0.011264097539065605 0.22788340604665897 0.7042421714052605 0.020744771964044173 0.9990140293137828 -0.03925077923303279 -0.07399754344309949 -0.22721659508265624 0.04294286134936614 0.9728969778852093 0.706093002074649
0.9850998415420509 0.14276465258013002 -0.0958986765680353 -0.5606676830440028 -0.13822787543200146 0.9890118640964864 0.05242696949040382 0.45902041087636797 0.10232964696206537 -0.03838992901878663 0.9940094852175965 -0.6891676222726658
0.9699059173014278 0.1476061708686907 -0.19363607593926893 -0.569207280331655 -0.1130052791564563 0.9773411669933323 0.1789805860502275 0.5644036371031246 0.2156671473972031 -0.1517124306759155 0.9646092576333478 -0.5978725670594072
0.9797563196796598 0.1639194673437247 -0.11492589905464061 -0.6869554561539558 -0.15429639365037878 0.9840795991385721 0.08820411252177618 0.6825516636783284 0.1275546038144263 -0.06868588490378755 0.9894503889840703 -0.24943020601013113
0.9509233239794121 0.18956401626424918 -0.24456147621756497 -0.6009314598759258 -0.05620168722106689 0.8830354727498735 0.46592888322029735 0.7015549336045092 0.3042798091649396 -0.429317874777159 0.8503528444894922 -0.3830170435719033
0.9962526518732556 0.059809467220507395 0.06247784620412028 0.7054360308552488 -0.04917190945955413 0.985932995155812 -0.1597443344322143 -0.7082797828912596 -0.07115319357279755 0.15607356180304485 0.9851793067003101 -0.0264528924449261
0.9992850381949268 0.03780754152737381 -4.736475038828736e-05 -0.7080667425658123 -0.03771941987497962 0.9968688448811027 -0.0694964133586141 0.7038526051778619 -0.002580272090051683 0.06944851264838034 0.9975822002656568 -0.05685946057233446
0.9889881485646679 0.07762714457234204 0.1260018588123802 -0.6339314266776879 -0.06614724331547317 0.9934783962646165 -0.09287205369350837 0.5983438841378909 -0.13238951695808043 0.08351468482267685 0.9876731813806504 0.4900158595241315
0.9931882442008284 0.07735830004462563 0.0871367029183549 -0.6629233966345229 -0.07611466809922657 0.9969453056172415 -0.01751042283582696 0.6094100025188534 -0.08822510346505993 0.010758764889637618 0.996042458982863 0.4349161057313447
0.9843194401029398 0.06390840968365913 0.16441093335645476 -0.650837649581783 -0.02942772561030388 0.9784931865706596 -0.20416927486818714 0.6657705138175377 -0.1739231117501055 0.19612954649032943 0.9650305446941343 0.36491091627682537
0.9931516308212052 0.05851130886835798 0.1011249965720259 -0.6554846780370627 -0.05440665230387831 0.9975975374121996 -0.042884374009651144 0.6033995057677531 -0.10339126840437518 0.037088813456706504 0.9939490256215897 0.45414631265472083
0.9985982644278555 0.051649588258321555 0.011568332395859193 -0.61985773237611 -0.0507952748811627 0.9966023796801088 -0.06483468875294474 0.5129575642468829 -0.014877712573589996 0.06415619103944653 0.9978289617063074 -0.5938441958085066
0.991656966272533 0.029998354181058784 0.1253657049977569 0.6740098740982621 -0.010305869964909592 0.9878816654349322 -0.154866407402545 -0.40364635507727176 -0.12849221878161832 0.15228234908856783 0.9799488945188134 0.6186924192608779
0.9856876175607201 0.11181972316002009 0.12615970077599137 -0.696065622866241 -0.08309112346487496 0.9733904763996695 -0.21355759329925234 0.7080297828159299 -0.14668260220222448 0.20001832407767178 0.9687501660615823 0.11910699101840737
0.9930235002787691 0.08125666513795393 0.08544988159594015 0.7056591547245579 -0.06483593165674473 0.9815438474309761 -0.17991102672320702 -0.7082197793711432 -0.0984917755972736 0.1731156548121949 0.9799644586405373 -0.021677210634938406
0.9885031796806294 0.13465388522384636 0.06877350474861874 0.710508392029076 -0.11592415421290103 0.9669628834539821 -0.2270338575904132 -0.7024587798889032 -0.09707241745886697 0.2164511797530421 0.9714555226834665 0.04158710633417812
0.9751087656451791 0.17344650716752802 0.13812749296689625 -0.6526777722772168 -0.1613370564154996 0.9823561719553962 -0.0945870268499974 0.6250737208620801 -0.15209618466324923 0.06994755587241647 0.9858874631713086 0.4281291499803347
0.9973723792843492 -0.017817999762568704 -0.07022005358255866 0.7085945673940678 0.027095387277075444 0.9906825063891099 0.13346914071385904 -0.7018102081900709 0.06718762556439713 -0.1350210739812555 0.9885621541167589 -0.07318586434430405
0.9967291751283403 0.053203671320876056 -0.06083026225456056 0.7240793714181607 -0.03607523231437115 0.9664789016814754 0.2541989579404924 -0.578389844219118 0.07231548286115902 -0.25117305182393335 0.9652370532547994 -0.3757316222929148
0.9955991364962583 0.08612260119348294 0.03694938391331182 -0.659296208819176 -0.08746381926964783 0.9955038676452177 0.03636110314855051 0.35955776501346026 -0.03365174180739228 -0.03943281713346672 0.9986554026320829 0.6603383395314761
0.9954196300873751 -0.049926131734408685 -0.08153000310776287 -0.6810872424084454 0.046626175233295764 0.9980336509817707 -0.04189070650050308 0.627227314841806 0.08346112759738716 0.037897399357156 0.9957901522419956 -0.37776456126110786
0.9909869910197213 -0.02844343222286777 -0.1309036087854788 0.7006687308931254 0.05600343535151242 0.975670844111121 0.21196702380398982 -0.7089239646314207 0.12168976480586824 -0.21738761490681874 0.9684700439490203 0.08056141706726065
0.9817733149684778 0.0431754159872047 -0.18508657830901265 -0.6360544759085018 -0.010390794559467509 0.9845916755412311 0.1745602012010019 0.641501318722769 0.18977141355912733 -0.16945535078374813 0.9670944600640248 -0.4288481803082638
0.9976827065999683 -0.03839033412807946 -0.05617294007701315 0.7106100922829383 0.04676921598367895 0.9865857792082258 0.1564005776855375 -0.6943407272987612 0.0494151534211244 -0.15866531602600592 0.9860950563220235 -0.11368487656615273
0.996282269488084 -0.01242198326152133 0.08524865884882366 -0.6927139608594077 0.02187539643979336 0.9935939498379024 -0.11087168202980108 0.6970502893720208 -0.08332530548563571 0.11232433920289023 0.9901717711025491 0.18511688879422306
0.9951815606484061 0.054607223443526476 0.08143532705890988 0.6607210418983316 -0.053553568601210216 0.998451274886226 -0.015068741425384002 -0.23945574933084218 -0.08213206825277403 0.010634981234509594 0.9965647096594696 0.7114131351789817
0.9861595014907347 -0.08650025940918776 -0.1414466073884043 0.7046265080424929 0.12484394672925864 0.9487933032799477 0.2901814201774252 -0.7091657989450332 0.10910282574071205 -0.30382391738187536 0.9464605647580483 0.024194085444495188
0.9959311054403743 -0.07021950440857844 -0.056484107649210136 0.7044067740025873 0.07812898358809006 0.9851551489736792 0.15285677732485467 -0.6730112097554276 0.044912082336559245 -0.15664786513470885 0.9866328350551348 -0.22553715499403554
0.998096175203954 0.023060906745893922 0.057203318289201 0.6881600443378427 -0.021377888144104046 0.9993254186539012 -0.029861237929852374 -0.18726117262562936 -0.05785335722096563 0.0285815012247828 0.997915871627464 0.7009771798024615
0.9920558686151385 0.05337363142640093 -0.11391404221877888 -0.6878624922206116 -0.05045041148642637 0.9983228584343493 0.028394124538712887 0.16951661374716123 0.11523848978146722 -0.022421547578799744 0.9930847721504235 -0.7057685948380991
0.9498583187157901 0.22213008502632214 -0.2200622632179633 -0.522163092792765 -0.13885621687617472 0.9302484256010639 0.33964219069717916 0.6187484290158053 0.28015732259080794 -0.2920549468729149 0.914448348790575 -0.5869378894870967
0.9846993611436816 0.1425503158589551 -0.10023260752737889 0.7146791143968741 -0.11280344924207958 0.9598376971297133 0.2568793043587161 -0.6832240097976158 0.13282526116034946 -0.24164230303744488 0.9612317344846893 -0.14979558031185972
0.9633561688519784 0.13974523199336525 -0.22894576228871197 -0.6185107215557737 -0.06704488400174458 0.9519180878471176 0.29892630790661434 0.6619536788873073 0.25971113850590144 -0.27262286067864516 0.9264053650380919 -0.4233932147875256
0.9968512274599113 0.07864051988951842 -0.01016360876732475 -0.6876336712355888 -0.07750706294036885 0.9934044176802983 0.0845004031210835 0.6220149733942766 0.01674172948135072 -0.08344657910767941 0.9963716088534437 0.3745094218526196
0.8968919766645249 0.42015173712041587 -0.13804817995721136 -0.6721424060154139 -0.3656654609526713 0.8800921388651191 0.3028639922045713 0.7140643709157691 0.24874395040095362 -0.2211568332711364 0.9429825566978485 -0.19579749800361976
0.98971702035068 0.005305298325467445 -0.14294080396391445 0.7081107162709558 0.05136199926616458 0.9194848966030904 0.38975565416063784 -0.7060770277478321 0.1334996803724824 -0.3930895301689961 0.9097573613947642 -0.0058689342321091645
0.9665300361526373 0.2177492535210631 -0.13566485103298195 -0.6639588256109904 -0.21585035253437973 0.9760035755711083 0.028734052676151506 0.5943687527808179 0.13866619820837905 0.001510980950100882 0.990338024318466 -0.45374493232547447
0.9942116129471328 0.10201564465535656 0.0337057402620477 -0.7072464295456067 -0.10546158791976273 0.9865611537496444 0.12479961292252659 0.6125565574185479 -0.0205212610358812 -0.12763188534892964 0.9916092878184304 0.3529546031128206
0.9778049750688842 0.151961413100128 -0.1442399378090229 -0.6709183735468974 -0.1297736043156681 0.9797519691457212 0.1524627514444183 0.6795926873761148 0.16448781825247372 -0.1303603002592981 0.9777269300591281 -0.29668554953367
0.931512431033704 0.24571911736402602 -0.2681542582013631 -0.5533203457288943 -0.18457590705346155 0.954652506168596 0.23360292592647589 0.5376656884181564 0.31339483940401996 -0.16810921398859305 0.934624505781368 -0.6362013851763347
0.9872138339336063 0.12683606589420232 -0.09654770053497685 -0.6399221591859581 -0.1291193954565908 0.9914700753723783 -0.017755882349662216 0.5199333040735689 0.09347206966273203 0.02999503341508397 0.9951699704891587 -0.5658347722594674
0.9663415017781698 0.20246744879570333 0.15871683628169664 0.706437674356484 -0.17747845539374985 0.9712850904130338 -0.1584508473072756 -0.7049300306446703 -0.18624043549176 0.12494881079667797 0.9745267030042508 -0.06339924404207452
0.9955432937221635 0.08019489707773364 -0.04962185816267948 0.7059220382511859 -0.07588124873380181 0.9936199915293074 0.08343469616351067 -0.7075537752796182 0.055996307158814804 -0.07929748366745372 0.9952770080076128 0.03227585783291991
0.999111518305808 0.04018996704181016 0.012686234186763956 0.6810489557399989 -0.039964778495459985 0.9990472803714481 -0.017531345134424448 -0.6814132461625736 -0.013378731945592859 0.017008766315982388 0.9997658282817716 0.26804534661068263
0.9934405115697179 0.0061698554940528005 -0.11418354896953961 -0.4818041826627589 0.019401209141109266 0.9749718779039629 0.221480090257077 0.6259067786290862 0.11269224931626698 -0.2222425930815302 0.9684568584941908 -0.6132743546202066
0.9708235362328175 0.11574215943997465 -0.21001289013910246 -0.6463440416438867 -0.10497290221081707 0.9925554985800791 0.0617597930687053 0.42749490324757883 0.21559766069659797 -0.03791219812438426 0.9757460294234007 -0.6320502254795806
0.960694748771374 0.2552636584551494 -0.10911491353247395 0.7041531796871219 -0.2381069398243043 0.9597615398852362 0.14887199791977343 -0.7078267540282631 0.14272590826690043 -0.11703952849021834 0.9828179200035859 0.056121170856714864
0.9733358489412627 0.14826979114396727 -0.17502398178511483 -0.683247111970297 -0.08900933253843119 0.9473593457766728 0.30755098551404136 0.7114709482819017 0.21141112526746286 -0.28377163178111975 0.9352962082193136 -0.164263427868471
0.999349266311683 0.035923069448764444 0.0032522305699300147 -0.5828712455476321 -0.03586636597917375 0.999227277113592 -0.016076456811270456 0.5095660466742997 -0.0038272331714579444 0.01594934962736494 0.9998654762180339 0.6329325044508911
0.9124401895757422 0.3281882769087947 -0.24442863037422563 -0.44024326938401565 -0.12372385238055061 0.7906147900507439 0.5996838017698438 0.6826411985666462 0.3900580838786696 -0.5169339499903773 0.7619934268405775 -0.5832553967016213
0.997218755668074 0.07017330422508014 -0.02510897684002139 0.6834832043244377 -0.07033266777411996 0.9975083186651813 -0.005519967168195999 -0.1778098914199193 0.024659058935686484 0.007270596117034289 0.9996694800005199 -0.7079790617805273
0.9518282848897617 0.19855656552241285 0.23366259086930977 -0.6489685997142421 -0.1618722353184896 0.9725682294559764 -0.16705812906249903 0.5937369102089234 -0.26042330064111063 0.12118716656812603 0.9578587448796293 0.47572706254794517
0.9998436161677914 0.0176198655103757 0.001511141260763793 -0.6340583722084634 -0.017637137292487004 0.999768790157177 0.012300309580656643 0.5838383373077961 -0.0012940620694831817 -0.012325038216991435 0.9999232064695318 0.5070530312718995
0.989789880959866 0.10185999963459152 0.0997022167451404 -0.5053298333869352 -0.08572262981871592 0.9842587229860109 -0.1545522467093584 0.541755319792263 -0.11387546832578671 0.1444275136543867 0.9829410313000444 0.6716717449512932
0.9610458091453543 0.0950786909224755 0.259520702944138 -0.5878590489014803 -0.02586715614029078 0.9657882613225799 -0.25803861053090793 0.5758378250408394 -0.2751760217703661 0.24127386270372567 0.9306261764095497 0.5681835424199497
0.8775571424388906 0.4479099984978028 0.1710850519483995 -0.3638753286538442 -0.24870880727371342 0.730298877821922 -0.6362448257051121 0.683681651228902 -0.4099236403758333 0.5157908319248603 0.7522781578400937 0.632593190739498
0.9986724667407524 0.03623590419138295 0.03660960832041829 -0.7045637143409873 -0.03658458260177272 0.9992909327927739 0.008899435600204064 0.6944250609727751 -0.036261170551922545 -0.010226968543073173 0.9992900162738659 0.14616363134169008
0.9822217297810216 0.060565241713504914 0.17768602939500336 -0.4580174037352452 -0.00042588274795374303 0.9472421950837745 -0.32051839647164926 0.5932917831961468 -0.18772397867577362 0.3147444603945509 0.9304276610683286 0.6619855873563727
0.9878917629186887 0.15473087029514454 -0.011323538983550985 -0.73393670804964 -0.15061376396777992 0.9389730537889176 -0.3092654173388483 0.6372515147728274 -0.03722040919794836 0.30722623917240777 0.9509083442178408 -0.23504768770824871
0.9786083364964356 -0.014225616360183678 -0.20523975145875517 0.7066930701750562 0.0044376485114156 0.998834009594848 -0.04807211824299021 0.08685615877619922 0.20568429938954447 0.04613299378808923 0.9775304168509438 -0.7021687206428356
0.9892845689562553 0.13838038705191058 0.046550081679833655 -0.6672058011363985 -0.13806370860746683 0.9903732052551095 -0.009966277051764616 0.2829074806067167 -0.04748109087403368 0.0034326071845552086 0.9988662389015499 0.68905716478874
0.9982608706850064 -0.05008376456186433 -0.031094221111404974 0.703091853569571 0.05111268216743549 0.9981399842965362 0.033227480647212926 0.04272474245060142 0.02937222805413159 -0.03475900280246712 0.9989640053291782 -0.709814371386375
0.9910189836862752 0.11850821310324747 0.061944954600819335 -0.6760317756220268 -0.11882032356930289 0.9929148321998248 0.0013662739404427249 0.2588353544429362 -0.06134414951980671 -0.008714322961049722 0.9980786321202464 0.6899168773408354
0.9798148009922343 0.0010461344466592692 -0.1999046306598944 0.7053791692239985 0.0014472342853845827 0.9999229815096777 0.012326254975448987 -0.05048284690504009 0.19990212922696038 -0.012366755901047216 0.9797378231338271 -0.7070302043005121
0.9917669494675907 0.030793692593019784 -0.1242982962080989 0.6900250682702801 -0.025041197496551898 0.998553493169092 0.04758003475979303 -0.19173632857728434 0.12558366283752187 -0.04407572774544989 0.9911034627383868 -0.6979273497021729
0.9986742937187061 0.048410131793404976 0.017496119718063807 -0.6998290204281354 -0.05010676206417236 0.9920956583604417 0.11504571725103979 0.6036835656252103 -0.011788446076056003 -0.11576987432880342 0.9932061058697763 0.38184485692572695
0.9970243894178722 0.060456513771332376 -0.04782652871091009 0.7249634236539632 -0.04756950864397924 0.9707304265978545 0.23541363750751132 -0.5493548495933146 0.06065895443616859 -0.23243805372564166 0.9707177975225068 -0.4154964303002265
0.9924478818903865 0.045780068007090904 -0.11380416119172221 0.7046916056914955 -0.04878955021922564 0.9985254865524058 -0.02379984232482827 -0.03723391868660017 0.11254679702546433 0.029172556942221425 0.9932180930695744 -0.7085360796509813
0.9935326665119708 0.11273466224032738 -0.013554943864590552 0.6723021664740051 -0.11291050190239402 0.9935202196534852 -0.012991985985202625 -0.20871715609693628 0.012002463653865703 0.014438457994174203 0.9998237203612386 -0.7102442859363013
0.9902111521903194 0.12127485900361495 0.06909618405941503 -0.6782810971800898 -0.12471317431571013 0.9910398044229214 0.04781976789442613 0.36019606618535877 -0.06267773312763036 -0.055968871911365736 0.9964632392351211 0.6404635408145931
0.9848759687593216 0.14126351797982026 0.10031921375465824 -0.6621069669248358 -0.1420707015720042 0.9898560928083212 0.0009117483656204128 0.3455892462754862 -0.09917278817914882 -0.015150380134131114 0.994954885442835 0.6649679971309415
0.9980972274417572 0.05834514030227156 -0.019944151428066048 -0.6301568958094191 -0.05906460596097682 0.9975450084030069 -0.03762085236833043 0.40029342768556847 0.017700194794179613 0.03872726188815109 0.999093039857097 -0.6653325923292616
0.9966437779768801 0.07613324567230978 0.030081700805826395 0.6233880190346651 -0.07463658982841784 0.9960507945771091 -0.04808527925565506 -0.37143786425594905 -0.03362379036866675 0.0456786988180439 0.9983901527937533 0.6880561682893447
0.9942295813893027 0.1071707308936137 -0.004687635883927177 -0.6067860160994847 -0.10726437042733625 0.9937587756572228 -0.030624347194431634 0.4220472096967509 0.0013763456247712358 0.03095044820332246 0.9995199725011674 -0.6735628281410003
0.9972914360515264 -0.05989038643443784 0.04269582170444497 -0.6958546337542537 0.059040097165444894 0.9980366661683409 0.020906456186525146 0.6685600428646177 -0.043864091293207785 -0.018329064251019073 0.9988693542694675 0.26232384140141374
0.9855767743440023 0.056449983888702315 0.15953626920746639 -0.7200970296136163 -0.07030509642529298 0.9941017120130695 0.08257711298728546 0.5821790965360106 -0.15393380164961262 -0.09260229744261145 0.9837322802561925 0.37752849892181806
0.9883063126503964 0.09612918866474812 -0.11836304939479284 0.6927515077450276 -0.059243398157680704 0.9573368041994409 0.28283645999045437 -0.7142974997199046 0.14050214286660356 -0.2725168295938044 0.9518370267215042 0.09937016861656099
0.9894196244413785 0.05286301365109025 -0.1351085066085977 0.6973690888917994 -0.0077140705508246254 0.9491069346368324 0.3148595238194516 -0.7137140388778139 0.1448768438564898 -0.3104859552572381 0.9394728158399172 0.0654875909385877
0.977707567756991 -0.18190075830204852 -0.10488100914773962 0.5927160102053232 0.1888917998709032 0.9801001372136733 0.06102138129598761 -0.6095064346136432 0.09169405592642976 -0.07947222887826483 0.9926108829470295 -0.526488022096275
0.98798072798742 0.14298122183260414 -0.05874054246177238 -0.7032839703082288 -0.14854977694267513 0.9833123009779259 -0.10502324750158429 0.6336292933468542 0.0427439457201724 0.11248683900240614 0.9927334315693801 -0.3223438780561228
0.9934072429222598 0.009056851385505882 0.11428045831451256 0.6396156029594372 0.008970835518654352 0.9876759615919981 -0.15625530072102747 -0.5458773609680094 -0.11428724259378809 0.15625033867580032 0.9810832063816026 0.5412114071538379
0.9899684926125689 0.010843804972163806 0.14087155684567093 0.6376978503082842 0.01484851078795063 0.9835440902401864 -0.18005705840367525 -0.5277061089049567 -0.14050589084368514 0.18034254752367743 0.9735166460779667 0.5611307462050026
0.9979497251967736 0.0348872087319706 0.05365844431751382 0.6275160502058011 -0.028475668954731193 0.9928494721412108 -0.11592696815883444 -0.5063369556349083 -0.05731912645238385 0.11416132591999262 0.9918072944916894 0.5914782279107857
0.9830920212986667 0.004516643263508785 0.18305648743634328 0.6858288119797952 0.0423868160565109 0.9669305251836081 -0.2514929766270687 -0.48648291695288504 -0.1781388095937924 0.2549999203956387 0.9503902383309315 0.5412699993269486
0.9738422937825122 0.14986830228275105 -0.1707942587187897 -0.6513901077399492 -0.137866520993839 0.9872020880284411 0.08015522304467335 0.6158745279057124 0.18062117602725947 -0.05451173601319248 0.9820409672754784 -0.44315854207659483
0.9984654614542057 0.030428760307867314 0.04626891860813381 0.6710922693647059 -0.024970566597550953 0.9931347153523308 -0.11427995434826926 -0.3406868565485956 -0.049428666650406905 0.11294922623980927 0.9923705352362044 0.6584585269961698
0.997601298580906 0.06904092670104356 -0.004999950994934055 -0.6427166804312386 -0.06922126906738357 0.9952547420833409 -0.06838431303539813 0.41384474463872956 0.0002549085941150331 0.0685663824398193 0.9976465236849792 -0.6447075275117812
0.9261876006665961 0.2731562395954459 -0.25992729202900067 -0.6385594854648706 -0.24969802848441153 0.960856795947226 0.12002129916405938 0.5203766717619722 0.28253747174923904 -0.04625890673271499 0.9581402249177527 -0.5669655218871537
0.993815495717328 -0.002413848915827882 0.11101771843058716 0.6899871559871519 0.017298833682601156 0.9909232376747907 -0.13331124254665094 -0.3030640087990522 -0.10968824378821684 0.1344072556431454 0.9848366254385215 0.6573202652766835
0.9915445387565951 0.018927792463304824 0.1283789949113084 0.6819227858605296 -0.006650122365434247 0.9954169566864639 -0.09539841829707099 -0.25010496639402413 -0.12959630987993614 0.0937380446431662 0.9871261193241618 0.6873345763958469
0.9189977949804288 0.33466020865725504 -0.20843607548260912 -0.6477538546969621 -0.22779446070865306 0.8822044882943678 0.41209819764678346 0.7137845417047819 0.3217961101249725 -0.3312367515460141 0.886977721216086 -0.26632043058789434
0.9335529454165821 0.22128525136732657 0.281978253826999 -0.6385292074135962 -0.19222558854204308 0.9730696123848882 -0.1272197019442696 0.4022810876421879 -0.3025363138760194 0.06456289166714005 0.9509486904170424 0.6560871724132267
0.9855939174088265 0.00659752494397281 -0.16900030364273566 0.7111657260493788 -0.023265240216661612 0.9950283766634196 -0.09683624441406469 0.17440358205978373 0.1675212182512542 0.0993730461401535 0.9808474086913019 -0.6810482366597659
0.9772215404185988 0.12197277625197445 -0.173668370163615 0.7043692569597985 -0.09003086907823038 0.9793155142661899 0.1812058667112241 -0.706991161435202 0.192178311874465 -0.16144276190319962 0.9679895304568887 0.06346217379199234
0.9659741631914962 0.23623533911240485 0.10529378234699505 -0.6381176184051048 -0.22493282165765288 0.9682749626769496 -0.1088522962278628 0.6252725458605781 -0.12766809228470452 0.08146447819386601 0.9884656782129492 0.4492662334006731
0.9818297213254192 -0.011812300750445925 -0.18939606086988925 0.7237368427681667 0.08435389427787915 0.9211992666303435 0.37983724367138316 -0.674904979520212 0.16998476061755113 -0.38891179039815504 0.9054572328095322 -0.14390361718451672
0.9939614683280937 -0.05006075308881952 -0.09764486919055052 -0.7182817350666468 0.08592025940055059 0.9085675573744705 0.40880643672908373 0.6933174899655117 0.06825180220039354 -0.4147275186032009 0.9073823762943765 0.0581567466212638
0.9954220694335154 -0.015210426514361088 -0.09435860644344862 0.7087642254637032 0.009519660986912704 0.9981246472828355 -0.06046953399200168 0.0894731068821079 0.09510141817760986 0.05929444671945948 0.9937001000547603 -0.6997484089640361
0.994344272590889 -0.047782417070767136 0.09484887023349875 0.32252709028402915 0.08779934579139068 0.8723193075519838 -0.48098887778266886 -0.6828282931490236 -0.059755689639561876 0.4865962045586696 0.8715809722939103 -0.6555316911546755
0.8785731473793281 0.47638090357541957 0.0342119776196608 0.6658729388710395 -0.4772862936737372 0.8783542350068843 0.02629889192833204 -0.6949280069388407 -0.01752194553033873 -0.039434408251400196 0.9990685206084183 0.27145587938236915
0.9832676967395344 0.14388398535708033 0.1117230294357171 -0.6435033979187129 -0.13108245649757247 0.9847312381276734 -0.11455033065906656 0.21569505000409764 -0.1264991152028062 0.09798871064210862 0.9871150826725344 0.7344242794671215
0.8244466007118576 0.2243418709359199 0.5195753338252633 -0.6241875930852714 -0.06187974715467798 0.9483049088603487 -0.31126949211806615 0.4469468360905382 -0.5625466198162924 0.22447388439713156 0.7957089767980042 0.640802913809756
0.9843537190735635 0.029660685840185774 0.17368937636347848 -0.673610425154228 -0.02184439756784473 0.9986681226682327 -0.04674187695424456 0.22201986978630267 -0.1748444395482518 0.042216400625794695 0.9836906004823164 0.7049511845111075
0.9891654985708966 0.13647301051056066 0.054099296106082995 -0.7406394198762843 -0.1465146516155183 0.9408873095426731 0.30539241575967946 0.6384174806565557 -0.009223518795588664 -0.3100099807163217 0.9506885602326838 0.20946687116930265
0.9519685444640462 0.21044543925247666 0.22241539391156737 -0.6637455970218045 -0.2016927428659333 0.9775080828146718 -0.061627798169341136 0.5171627363549114 -0.23038213434687624 0.01380815446816075 0.9730022646653815 0.5403558887992884
0.9866264738346675 -0.14449045638053098 -0.07543678905889431 -0.6069963108501829 0.15104781607966394 0.9844223432930274 0.08998448356816177 0.6241315551693107 0.061259761557928366 -0.10017563596209733 0.9930821132078933 -0.49195048577697914
0.9953636577978646 0.018644407575786587 -0.09435875582797287 0.5821819130206468 -0.0093578565775492 0.995150386411881 0.09791904280862418 -0.48805924163897263 0.09572679486710645 -0.09658206091418381 0.9907110003699564 -0.6502787070190835
0.9742783056181399 0.016522893658124788 -0.22474157867873168 0.6248674833631399 0.009845709458945834 0.993234900705046 0.11570433884123393 -0.32995811216040954 0.22513295006972273 -0.11494096748592025 0.967524536529335 -0.7075791633838256
0.9933700638816234 0.10194715056150783 -0.05312903797555649 0.6655937135929748 -0.111973230537953 0.9627009968463509 -0.24631034552762085 -0.726296387753377 0.02603673994019451 0.25062635368897435 0.9677337025286737 -0.1716932309728868
0.9839015696301658 0.12039484824252653 -0.13207112400504134 0.6046589724505727 -0.1084725065045613 0.9896404578262821 0.09405040970673595 -0.3886786325764841 0.14202611242977076 -0.07821025987711605 0.9867683307838981 -0.6952096429232639
0.9588267338745682 0.07917205520831183 -0.2727326164607378 0.6077914983428925 -0.04368021398761188 0.990040226382603 0.1338371736487318 -0.33207384939399287 0.28061242544375053 -0.11641364103221064 0.9527352889802074 -0.721329642459505
0.9862503203248489 0.16525667359747379 0.0007331375251434236 -0.41359505855367457 -0.16524364273283315 0.9860940595308146 0.017693057803045142 0.5358175839361254 0.0022009533199361386 -0.017570930241058103 0.9998431968138541 0.736096898706166
0.9921354734969348 0.0639003795376171 0.10762873094096143 -0.661557392173589 -0.061754960452010565 0.9978227534100346 -0.02315335044411493 0.293332933945826 -0.10887390453448426 0.016324652283153274 0.9939215153316939 0.6901431784225749
0.9041712136625344 0.35476847564559516 0.23793643073754045 -0.6535359834719671 -0.34664346260103357 0.9348611683160569 -0.07663488638148566 0.3993921232164537 -0.24962517144708268 -0.013188050001353868 0.9682527299817834 0.6429437379895553
0.9937811952898952 0.10206697397335869 -0.04451144473176377 -0.6743588059550176 -0.10241865472280642 0.9947251247692938 -0.005687294390574332 0.23414131928932655 0.043696167485923254 0.010210728506625202 0.9989926856440973 -0.7002985387906908
0.9956865294911528 0.0926846560938866 0.004229599818128704 -0.6525507432473248 -0.09275850601155239 0.9934027433619953 0.06743032732655513 0.4274358515993191 0.002048060635907789 -0.06753179995838618 0.9977150201545592 0.6256805257117477
0.9942227689423062 0.08688672623343896 0.06302207963189715 -0.7300105881276935 -0.09803941583826564 0.974121517876761 0.20365544763537963 0.5856926170086122 -0.043696208746130116 -0.20865753093025552 0.9770121166737411 0.3522054792348669
0.8664561347593707 0.23897867744235735 0.43834114370630683 -0.6415424869991455 -0.15497021048526025 0.9633645233526238 -0.21889044978647723 0.2581026507737948 -0.4745924571672055 0.1217291537532151 0.871747677213149 0.7223615846918301
0.957991818450844 0.2512561838633715 -0.13828234106949466 -0.7234149590942076 -0.26676556027679743 0.9576921370453779 -0.10799030739683746 0.6660979746461828 0.10529867820372057 0.14034279714995318 0.9844877285454989 -0.1816157623417606
0.9707236357986853 0.22362856665331388 0.08766919115838856 -0.6739207384858347 -0.2238848347534903 0.9745902841175696 -0.007025586882048712 0.634203597757589 -0.0870126638437424 -0.012807899133705836 0.9961248687040177 0.3789678546130758
0.9273747653397391 0.3644889134102728 0.08440306044251483 -0.6316701392782536 -0.34108876184740305 0.9163696454264079 -0.209583228056266 0.6949379399363533 -0.15373516563385653 0.16557326155535657 0.9741411570739894 0.3435900097226474
0.980403191781164 0.1810534545090567 0.07764810464939448 -0.6443752948568067 -0.18247455041203822 0.9831426708321992 0.011555398775238007 0.3839951466243057 -0.07424702012357748 -0.02549775282779268 0.9969138601722328 0.6613079515227239
0.9618152842926899 -0.046721486216837624 -0.26968214925475265 0.7108321940740718 0.09368764030910084 0.9820002083129683 0.16400675878328858 -0.23622456519843554 0.2571652872264944 -0.18301009152223582 0.9488800353294076 -0.6625070163135266
0.9815082624036868 0.0867910632061154 -0.17061313601492822 0.6643758016254534 -0.06967725178402615 0.9921477272290573 0.10386514303673902 -0.29725086635057013 0.17828800132684658 -0.09005664163052558 0.9798485545639743 -0.6857453730564806
0.9817316080249205 -0.06037527210299087 -0.18043801241227825 0.7185135411982312 0.08523053310573538 0.9873991442401348 0.13333673979950805 -0.17433421481633182 0.17011409709755332 -0.14627971996260924 0.9745067662650398 -0.6733096409967341
0.9880541222605831 -0.002305612954696029 -0.15409002444276498 0.7018552344166739 0.018320968813622676 0.994554353126607 0.10259620255470533 -0.21334073663578268 0.15301435744922454 -0.10419367939476445 0.9827157694819911 -0.6796211886143761
0.9892351810088322 0.033379949327186145 -0.14247643888495276 0.6996283687711502 -0.025488842494059485 0.998056972978263 0.05685593722540755 -0.1381408571644177 0.14409745161777227 -0.05261233384274995 0.9881638865921395 -0.7010258548673501
0.9817341491387456 0.19003602894620353 -0.009185211874583599 0.6943525222289169 -0.18764005712384235 0.9750782144481349 0.11837940982788503 -0.657220775226844 0.0314526529466832 -0.11449359550208396 0.9929259525320204 -0.2931474500734533
0.9354575883552021 0.23718341359302353 -0.26203650261944456 0.6927867620993223 -0.08191256963773796 0.866694454210331 0.49206813956646234 -0.7159018730414834 0.3438159846836853 -0.43884479187682907 0.8301842068592794 0.08678139452458998
0.8312822454348138 0.4134842126479563 -0.37148436617945785 -0.5239271270721814 -0.08139492520301589 0.7516629716153399 0.6545056479921258 0.670999654331257 0.5498587951247569 -0.5138419825133954 0.6584995994157127 -0.524652103212428
0.9045401440710941 0.32511032293755754 -0.27588114412420633 -0.5784324847640515 -0.2387440927256066 0.9222557882764526 0.3040485474051892 0.5856938428718399 0.35328230348047607 -0.20915912342046072 0.9118355526834392 -0.567783922801361
