0.9933026042771521 0.009514333830121319 -0.11514952795385786 0.6807795396185886 -0.0027847663942074385 0.9982857320302667 0.05846231522035339 -0.22753398427071497 0.11550836078984467 -0.057750105424694054 0.9916263126355005 -0.6962524717648024
0.9962101833542297 0.058905720243117805 -0.0639952084454119 0.6977497576639515 -0.061586995791433334 0.9972689089069728 -0.04076475532713736 -0.07586370902330306 0.061419154428550726 0.044551537012037276 0.9971172689403924 -0.7123131146715781
0.9989981550718767 0.029580043796289292 -0.033581351551066674 0.7046073979797159 -0.030891979411222823 0.9987519753579029 -0.039245093027579225 -0.03606746730734334 0.03237856962627028 0.04024316995089185 0.9986651668608757 -0.7086801482434005
0.8808020566660986 0.45151544939631766 -0.1425536247494676 0.7109126141170958 -0.38085820208168886 0.8544950172755406 0.35324962188001974 -0.7029303769848019 0.2813090238152235 -0.256850276246133 0.9246043308964171 -0.022184233166858917
0.9654564152825553 0.16858108778932837 -0.19868147127884106 -0.6242295432446928 -0.1658350250234463 0.9856815851835379 0.030505034101618644 0.3556881812048908 0.20097923938862716 0.003497065889400991 0.9795892587533481 -0.6955741478028629
0.9959531938891435 0.06908330950838504 -0.05748679787031902 -0.6621168719103485 -0.07428500016787376 0.9928063500705592 -0.09390042603541998 0.4100592014754274 0.05058630577610129 0.09779083600697511 0.9939205089246241 -0.6272580802325227
0.7335283763264986 0.4781302002770116 -0.48303999079462945 -0.5171193107300824 -0.2606874861579098 0.8542779587867082 0.4497234746951563 0.5737978109055973 0.6276767923736548 -0.20396244927505736 0.7512796840067217 -0.6350934503441117
0.8363275657381788 0.37207905835908 -0.4026330551719175 -0.6294713170247977 -0.22767996488137177 0.9038214686386641 0.3623100694425502 0.6368841381159912 0.498716388720152 -0.211338418557697 0.8406057556687689 -0.44513419960649814
0.30959555275041806 -0.9386442709211809 0.15197870371867112 -0.23799370362235883 -0.9508126607462128 -0.30732719024547717 0.03879796773707023 0.6199762707422074 0.0102896978512233 -0.1565149539266612 -0.987621988068039 -0.7476552820335706
0.9164037847804122 0.1960530273301306 -0.34895173550911984 -0.6499373625250795 -0.16567242376069574 0.9794298615444612 0.1151945932770004 0.48380182192496973 0.36435799873941577 -0.04775308146798635 0.930033812269704 -0.5861034225254305
0.9801367796468154 0.10764730230694763 -0.1665651568894479 -0.48592542037586595 -0.08360760443304777 0.9858687783536519 0.14516377078474196 0.556683490017702 0.17983787605656598 -0.12835423706880394 0.9752863826394524 -0.6737803631557163
0.9836159927445556 0.11437682240737174 -0.13934676642511254 -0.677543897990801 -0.10712377318007349 0.992522686231271 0.058508243316019476 0.6603176687699206 0.14499681388501784 -0.04262229243312615 0.9885136641194889 -0.32390560755517694
0.9622727496686487 0.26669110522042083 0.05391669167751341 -0.7057046249765961 -0.2660468831387916 0.9637743014950162 -0.018924897620004363 0.6952878944174725 -0.057010623722879926 0.0038665455000416876 0.9983660844643231 0.13621940450302716
0.9940935108131413 0.07230785860967975 0.08093000273375622 -0.6445008398374173 -0.0702895378216303 0.9971469475288222 -0.027519918364228263 0.3877547414936548 -0.08268901155549502 0.02166883977592865 0.99633979582808 0.6589878055761372
0.9933200886048175 0.07557632437218764 0.08719759611656619 -0.6565865695188672 -0.07528757041011505 0.9971400198152776 -0.006600198825007841 0.4022175116180506 -0.08744703148683675 -8.785075552686372e-06 0.9961691706768296 0.6380557578105766
0.9946959270889137 -0.05061394216964754 0.08954463407024615 -0.6523209610687596 0.05513123336908593 0.9972901007196815 -0.04871346953083039 0.5494853337187644 -0.08683639640110635 0.053391795854562885 0.9947908103694441 0.5220567323369251
0.9600584891848998 0.2560736677250146 -0.11275625943541723 -0.6578298602661184 -0.24631496911981854 0.9646643515661455 0.09355011921408757 0.6678808808142273 0.13272766603655398 -0.062040031554844444 0.9892089774932105 -0.3481307282976775
0.9383756929916269 0.08445070668673216 0.335140473447472 0.6971353862653645 -0.09016145814792387 0.995926050246921 0.0014879194222223169 -0.06166589710164937 -0.33364947215172436 -0.03161298118935288 0.9421669964253669 0.7142825563817793
0.9663701448922408 0.07503971325526647 0.2459629738304473 0.7061441143001793 -0.09123876815897053 0.9943022273889627 0.05512320558694976 -0.006487358234878938 -0.24042510319387111 -0.07571077891499244 0.9677105185489623 0.7080384198773025
0.9357299402965957 -0.0016057842084796353 0.3527136236234789 0.6946268647988443 0.03790498556377723 0.9946563017643955 -0.09603152310458088 -0.14999656574245926 -0.3506746225519308 0.10322917619283609 0.9307905490928715 0.7035584900810993
0.9497251621719551 0.07115351050632703 0.3048922666780508 0.6881077363427808 -0.06428931242801408 0.9974016798428927 -0.03250805060456309 -0.11569971814339525 -0.3064131208760268 0.011272399442962405 0.9518318824066629 0.7163248693203057
0.9535172092216513 -0.09742491482469678 0.28515490121959025 0.7178825640094297 0.16001305715428435 0.9655568976488229 -0.20517236398433455 -0.2441730366662573 -0.2553443816853887 0.24126388742242605 0.9362643768549167 0.6519387643455676
0.9596527405969288 0.05336676751574862 0.2760771732500239 0.6759091923693618 -0.029211399441129493 0.9954332136435335 -0.09088130345675127 -0.20020882391040978 -0.2796664291749982 0.0791498913469081 0.9568291295170097 0.7092694766441086
0.965827486180028 0.14936190812475783 -0.21182135713968753 -0.6168310691540317 -0.1323955178664984 0.9868978137468585 0.09221785114896514 0.4399499360356658 0.22281986847682472 -0.061022337082435596 0.9729478817433994 -0.6526587821430947
0.9908508630603501 0.10937449069319014 0.07906824873591473 0.6044325307815677 -0.10701345829714501 0.9936924319744026 -0.03351820967896124 -0.33465276819397877 -0.08223555749093192 0.024750180249907494 0.9963055463369419 0.7229583947040771
0.9844462445504829 0.029606614500284248 0.17317343898035314 0.690323527242316 -0.020056179683392794 0.9981930852012435 -0.056641983659917544 -0.15654228029132541 -0.17453750670545853 0.0522877904893146 0.9832612296428594 0.7063624722597596
0.9557620904095568 0.045525547924186026 0.2905963713162247 0.6925129062107586 -0.026563796459893527 0.9972720851611113 -0.06886764752804056 -0.12859488214298462 -0.2929388865507478 0.058101743903360696 0.9543641842094646 0.7098515556214281
0.9816033196404549 0.14914936146147267 0.1192031494821918 0.6533331363146648 -0.1444832448335298 0.9883941604036307 -0.04692095099608051 -0.22716620348902838 -0.1248179267301498 0.028834903426876446 0.9917605726742469 0.7221851071474855
0.9931758517144732 0.1147001852174992 -0.021109123200687474 -0.6501720244655513 -0.11552804127549599 0.9923552316365173 -0.04340928383054918 0.30579616459134057 0.015968695947938982 0.04555174809713955 0.9988343401160259 -0.6955322022189859
0.991628093306077 0.10338088051078695 0.07737000782582792 0.6271912322000418 -0.09445889393918855 0.9892950650567158 -0.11123305088962493 -0.36984271458439893 -0.08804113766836158 0.1029935328030025 0.9907780227068108 0.6854542469926319
0.966996916879802 -0.025852152900472505 0.25347313257102383 0.7066865619193424 0.034991003524183856 0.9988875359592296 -0.03161202583937233 -0.023313009852275895 -0.2523739139002439 0.0394380107980763 0.9668257603554857 0.707142564674371
0.9572770302093216 -0.04077043307953691 0.28628387872901356 0.7065439210970272 0.058448408615695814 0.9968571670867251 -0.053474965714081064 0.008415392213807457 -0.28320393882132777 0.06792319349336054 0.956651435383729 0.7076191551496648
0.978044740957124 -0.049751014176265485 0.20236926959038387 0.7065748529806751 0.07299112695392593 0.9913531383637143 -0.10904701024058627 -0.14790736797776816 -0.19519421116444102 0.12142401593114802 0.973219105999797 0.6920082280097734
0.9523987675543233 -0.08591069181515179 0.2924994710984081 0.7058490538653819 0.10695630047730036 0.9926453987199361 -0.056705045528145474 0.011000159495975863 -0.28547668442311763 0.08529047679537026 0.9545829441273304 0.7082768594613325
0.9720439977079436 -0.05952154104198605 0.22712915416552548 0.7081677929126431 0.08710062468571884 0.9897245355787826 -0.11339675856355375 -0.14874603103815542 -0.21804574680400757 0.13000972973339547 0.9672401576006511 0.6901977943543662
0.9923220722609436 0.11051216977944991 -0.05553346049351249 -0.6096141669183252 -0.11123506287805004 0.9937429023156864 -0.010089840618773993 0.4388206205383556 0.05407093202694718 0.016189639521435928 0.9984058442747135 -0.660156822643536
0.9862241591478932 0.09840771901191109 -0.13295799619392296 -0.6571227563767567 -0.09103168830746433 0.9940100730404486 0.060474841198751766 0.6160726023358664 0.13811277868800986 -0.047538358543331216 0.9892749692729934 -0.43433193723571284
0.9957060524340805 0.06444527147749379 -0.06645497822083914 0.7060310759917736 -0.057702646958224746 0.9934309704139042 0.09881959095494748 -0.7076634850296497 0.07238688886914962 -0.09456063666600768 0.9928838926647792 0.02706495316067066
0.9612742633742994 0.166801630854105 -0.2193832411981575 -0.6526181725820211 -0.10626208537662934 0.9588167948415615 0.2633984114249073 0.675962449125296 0.2542836207576256 -0.22988599321003814 0.9394105973110088 -0.34229269374065646
0.9869101844594925 0.1471868851163895 0.06591136973136827 -0.686815722433568 -0.1433575064047805 0.9878804428248379 -0.059505092568668885 0.6824392237692483 -0.07387092234116051 0.04927729227481174 0.9960496148779584 0.25012170893243635
0.9990892973499225 0.030963061038063233 -0.029357533479348233 -0.7055161598382789 -0.03141445932212211 0.9993932614191641 -0.015041302319445587 0.7001068353300788 0.028873996369339114 0.0159498552068474 0.9994557991489885 -0.10998803267242316
0.9838192750047191 0.08019960795473868 0.1602112886568697 -0.6649855308979248 -0.06328133673387543 0.9921292601071545 -0.10805093086320186 0.6324994085391358 -0.16761594957032716 0.09616420395935688 0.9811510277864977 0.3971633692752246
0.9931057677896276 0.10995485664725319 0.04063081936973936 -0.7090605246560361 -0.10072220352378003 0.9777375688677035 -0.1840768430356926 0.7047295018032795 -0.05996642143974025 0.17871534887735557 0.9820717144767774 -0.024279655323089393
0.9870817159697465 0.10642858387403886 0.11976077209498714 -0.685029280781064 -0.08329402750890702 0.9794159858379912 -0.18386525410294668 0.6999368286872314 -0.13686413328394775 0.17151467348178218 0.9756284773421035 0.2020478169143125
0.99229429097952 0.04495227028234702 0.11546139391985016 -0.6236928772521191 -0.03817025988514863 0.9974506297409025 -0.0602932209272074 0.3282812619451476 -0.11787735723942999 0.05542142749821255 0.9914804052649291 0.7093931264966377
0.992400113383 0.07036334895795221 0.10095055265242438 0.7070773194786983 -0.0575576843970671 0.9905376237277878 -0.12458863891444993 -0.7071195644515169 -0.10876179441447309 0.11783129933565605 0.9870596015300264 -0.00485652640435041
0.9742288944637365 0.15970016477563154 0.15929192874280185 -0.6880357679403145 -0.1482631292432086 0.9855967228286029 -0.08134583244721164 0.6521281931487449 -0.16998854578758343 0.055632340595685364 0.9838744518386826 0.3183325332656634
0.9929114676000202 0.10277983279636344 0.05969190463308602 0.7037335452070872 -0.09190929138915249 0.9823860767399308 -0.16269689113154817 -0.6703175661908438 -0.07536245527262017 0.1560573682908902 0.98486882280708 0.23544310948984765
0.9960397823824323 0.08767493883414917 0.01475998008078555 -0.6727029005455872 -0.08562114240174318 0.9906260879757238 -0.10643765215248538 0.5966337161291515 -0.0239535359681472 0.10475236953091416 0.9942098215126834 -0.4376060058722607
0.9964122390128916 0.08362992323808288 0.012987913015904295 -0.6970691875183465 -0.0811485590895516 0.9876556519220452 -0.13398218009918117 0.6313778741891855 -0.024032505133795234 0.13244753363363268 0.9908986272729223 -0.3397889459603674
0.989852739088999 0.13793000573089698 -0.03415945604193375 -0.6941583840448377 -0.13570628275617502 0.9888956855746833 0.06057332640922075 0.6992386517005431 0.04213501796020966 -0.055323020261475356 0.9975790713976719 -0.17090771143592728
0.9883016998346479 0.143415352428796 0.05188243239932265 -0.7071047925772121 -0.14423143768796498 0.9894672402355922 0.012323671653524555 0.697723080996885 -0.049568563489460434 -0.01966258345908524 0.9985771579228646 0.11482732496471452
0.9638996009056018 0.2646538246252886 0.029255982041771683 -0.708867409931765 -0.25086143346306766 0.9394662607447941 -0.23339170105864743 0.7051881510806576 -0.08925301437417314 0.21762696991274114 0.9719425916131683 -0.014719602986314827
0.9787176804750046 -0.040292432539915546 -0.2012168526879481 0.7051310767948951 0.086646881694458 0.9699818092373191 0.22721709363805287 -0.7080787367650823 0.18602155740196813 -0.239816199679491 0.9528295600751653 0.037612060289710994
0.9933734876507438 -0.06799508978769253 -0.09265949383285715 -0.6988285803609366 0.08083845322045297 0.9864489765340464 0.14277100957777805 0.7072688751264017 0.08169613524226421 -0.1493153858773333 0.9854088780941545 -0.1068145755416931
0.986466061437711 0.07969404570245286 -0.14329538970652717 -0.6764828252026162 -0.04128105989235059 0.9664974350774529 0.2533349207726182 0.7056850901713112 0.15868391136386284 -0.24399091595442632 0.9567067728442116 -0.210664521730155
0.9964004663289775 0.044299489011788706 -0.07227493322508588 -0.6813884319897167 -0.033265222000429806 0.9885325100849416 0.14729868129221976 0.7024840030176402 0.07797137747057133 -0.1443642330304124 0.9864478863664734 -0.20548973272382104
0.989687863188782 -0.10910918668736436 -0.09280689003110136 0.6977395488893747 0.12672273173909776 0.9689805213667035 0.21217468857639987 -0.7113867196684676 0.06677786098254275 -0.22174745678887392 0.9728148758578182 0.08419297473654742
0.9996345920895557 0.025963639891745383 -0.007521416191080765 0.6700328175016599 -0.025679100940709687 0.9990313520404348 0.03573431705150762 -0.6442305945203144 0.008441923526337047 -0.03552811624379462 0.9993330210111856 -0.36881291267360694
0.9980642874221497 -0.06201379063398521 -0.0046869973032437895 -0.7074777635939133 0.06215359398596343 0.9972342733031467 0.04075211533371555 0.7053104782522225 0.0021468412014770885 -0.040964544678889166 0.9991582943418458 0.04485914943215256
0.9955776767752347 -0.02009871268499913 0.0917667219379232 -0.6258103282472487 0.032053042134258136 0.9909014730531509 -0.13071676706159324 0.64369015562698 -0.08830454120126399 0.13308009787154956 0.9871636113399505 0.44048202756524024
0.9996132017475714 0.0063230092577319374 -0.027082585657507097 -0.7155026159151929 -0.0006314074931203506 0.978720265228354 0.20519805982493636 0.6758433161819724 0.027803744649726764 -0.20510158942647672 0.9783456903355712 0.17689493658855918
0.9992126562581398 -0.037136654141785796 -0.01396196593268964 0.7020724108208878 0.03777926069353488 0.9980845226805577 0.04898992801559493 -0.6954682526036923 0.012115900090464635 -0.049478828853123144 0.9987016824158861 -0.15303019174173943
0.9911318053083938 0.020961079395112325 -0.13121881594007676 0.7013820723260136 0.014582464387711436 0.9643594467463532 0.2641935071182649 -0.7104051085180894 0.13207988582106323 -0.2637640813713258 0.9555016552261095 0.05820455661774597
0.9969893548915676 0.0772350107528521 -0.006854148152917433 -0.7080608619918682 -0.07625078426398896 0.9926367855789744 0.09411710691775313 0.6963214495736488 0.014072815355213944 -0.0933111195380699 0.9955375386385639 0.11741488227216035
0.9639820239674766 0.10692488435904102 -0.2435276710609561 -0.6856595808111591 -0.06387884845639391 0.9819070291496218 0.1782640704865939 0.6634279156717899 0.25818239712934066 -0.1562870922737063 0.953370963791733 -0.2995569060283039
0.9829231370473127 0.11374921156707174 -0.14464862088847988 0.7050638846856806 -0.08867513970980301 0.9815644585563508 0.16931607512703736 -0.7066933039924489 0.1612415152946551 -0.1535979510502899 0.9748891440459457 0.058902398967898215
0.987377686413976 0.13684969232126154 -0.07973371986405892 0.6720454274734309 -0.13645285422445236 0.9905916535320984 0.010430461473162012 -0.6905638532827036 0.0804109628457744 0.0005810887357827754 0.9967616261624926 -0.2673509078933492
0.9753544935246126 0.188852387994146 -0.11409814858381839 0.7166175505212344 -0.14359290621322424 0.9359174871161311 0.32162017131309895 -0.6926999929861262 0.1675251898867352 -0.29730999454968793 0.939969189864369 -0.0814002825668747
0.9725463647962973 0.16068290572380944 -0.16832876203923472 0.684311707972944 -0.07198516897207086 0.8955944534860327 0.43900878161275625 -0.7211898892355664 0.22129551231231595 -0.4148392202928838 0.8825739161890194 0.10771550489852241
0.9883285041208374 0.13381407782889382 -0.07280494843807533 0.730956963964051 -0.10798924307431185 0.9525055238542178 0.28473066292101246 -0.6224162429537481 0.10744808663957317 -0.27354527888816643 0.9558388405351029 -0.27982125962799564
0.9443308977238254 0.29132083326472497 -0.15287683837017435 -0.6627546862635921 -0.23477614677795028 0.9222371425959968 0.30717879764148703 0.7099399679563466 0.23047628187779415 -0.2541865946943656 0.9392922114919667 -0.23820467613753746
0.9747238029927029 0.2083727390691381 -0.08058727872479393 0.7164095965662225 -0.18238546432036984 0.9504808090340591 0.2516381808521999 -0.6899845568771762 0.12903119887874342 -0.23057977636988514 0.9644604276200905 -0.10333731764870349
0.9988814480165589 -0.0113648312349654 -0.04589873004063594 0.6219745779211204 0.013966764060434567 0.998289487594515 0.056771722362114696 -0.5495777383396135 0.04517501864994178 -0.05734927697261438 0.9973315788245632 -0.5577740886249193
0.9847932507466242 0.14782649713781448 -0.09126653290149847 -0.6928061611548438 -0.13713920504206467 0.9839713476400156 0.11398783033254989 0.7008223294956674 0.10665407504791971 -0.09973822620968958 0.9892811503855802 -0.16990493090594827
0.988039910660296 0.12147646255968403 -0.09497686026806659 -0.656766087980777 -0.12084385687875793 0.9925940059771178 0.012405706467738281 0.6130560022906758 0.09578046354586336 -0.0007799630010336678 0.9954021772432771 -0.43911347478049606
0.949153322532607 0.23585566490401638 -0.20851876572145203 -0.6430883474286349 -0.14878726941314652 0.919789280087722 0.36311159262173115 0.7012886980750858 0.2774352515198696 -0.31362363681392813 0.9081133715818261 -0.30762239735373414
0.9197396268890281 0.26681441678647844 -0.28790464693179707 -0.4799133822908555 -0.15333926247270613 0.9194028345428981 0.36219538707555493 0.5758239792738137 0.36133929943248366 -0.2889783639468114 0.8865243458903238 -0.6618987010044828
0.9604204630673401 0.21532722535325965 -0.17671083765061613 -0.6627888951763785 -0.16355585625080882 0.9494364863695389 0.26799223913451087 0.6947953180631378 0.22548174207146043 -0.22848313804727602 0.9470762586088244 -0.279231707419517
0.9560886038684411 0.2158626309571835 -0.19823699480454685 -0.5984444889203994 -0.1501395976263521 0.9416490474044927 0.3012559920512927 0.6599701309681492 0.2516995883538392 -0.25826419821271057 0.9327094516214864 -0.4542065828570586
0.9845465748123565 0.12594731931566205 -0.12167709226660268 -0.6852783070704753 -0.10069381394674953 0.975604326884508 0.19508191406966055 0.7033567943345883 0.14327874182206574 -0.1798150998148485 0.9732100143445207 -0.18889907813961093
0.9803275440196282 0.14223801784499945 -0.13684389908202002 0.6986810542867369 -0.09617643083886096 0.9496725287236711 0.298114377946932 -0.7123284193625034 0.17236008989189538 -0.27908857817387317 0.9446700825925124 0.06658083319763695
0.9791382018554495 0.16731865373308008 -0.11529462164483892 0.7100625958196201 -0.13147286605639863 0.9543006548484747 0.26837500935573044 -0.7034753221602262 0.15492987819718052 -0.24761810973497422 0.9563900901687996 -0.030554559880134717
0.9009357979641479 0.31211293819488295 -0.3014966032280653 -0.5609275016624923 -0.1613912133388784 0.8859235074811405 0.43484757691554177 0.6499885131480225 0.4028244831234924 -0.34311084608865183 0.848532487941753 -0.5127136341607248
0.9801997665340325 0.14576820238763216 -0.13401510683242499 0.7128669905660225 -0.10289111162868858 0.95321227882932 0.2842530046223395 -0.6979943796316832 0.16917989488837232 -0.2648357654503888 0.9493367055496517 -0.0680036746354489
0.9978111495190143 0.06511855396968064 -0.011510161790384832 -0.694464208797829 -0.06292188536651566 0.9884811472765411 0.13764395308467342 0.5148940670893826 0.020340753119442556 -0.13661842997103424 0.9904148920299933 0.5025968189065269
0.9855510233259768 0.08828247865913508 -0.144552358621088 0.7246355414836826 -0.03066013750567098 0.9323124173801438 0.3603519284906432 -0.6725119834470732 0.16658072034078142 -0.35071321668935135 0.9215482099435464 -0.15043591372652176
0.9741075553425536 0.16689072756919593 0.15251870598709572 -0.625357058418576 -0.14961910949199053 0.9816140325512854 -0.11852431469207997 0.56002385716973 -0.16949511113709925 0.09263571746269367 0.9811676875798527 0.5434168095364766
0.9940094320069734 0.105421153926223 0.02883798512445268 -0.572539295785728 -0.10361609872643929 0.9929126234429371 -0.05820847268548973 0.41736767371436473 -0.03477000382351597 0.05487169135837017 0.9978878415541423 0.7056932617784035
0.9077876783111306 0.20409911422464228 0.3664220008121829 -0.5333648532148256 -0.06939063370975895 0.934661772801915 -0.3487008896119119 0.4656600341604596 -0.41365017957187583 0.29112011616426803 0.8626370076136647 0.7061746709850242
0.962913030798362 0.16176750278898627 0.2159392742419216 -0.5543856652761915 -0.11768103171887159 0.9719985815376019 -0.20339599863928415 0.3890350782008779 -0.24279553103855595 0.1704407009205989 0.9549870667068745 0.735736530332368
0.858652348762345 0.4217640975309375 0.2912579440956451 -0.5112921944468405 -0.2978455169480577 0.873030327212903 -0.38614258480576247 0.5688363246821481 -0.41713809703604454 0.244812364476235 0.875250086661351 0.644209226587015
0.965736519363476 0.2139899403640373 0.1468375993767053 -0.6615043213518823 -0.12377455333880744 0.8770760848343583 -0.4641308019916496 0.7261056590003045 -0.2281070694071024 0.4300533069686 0.8735109146724351 0.18757026630177526
0.9185116297279614 0.2437427561994403 0.31132917443565283 -0.4518654166132384 0.05148110064549122 0.7069639408771464 -0.7053734348384435 0.6628683486831612 -0.39202816522644623 0.6639212717632681 0.6368064561304569 0.5970118906546198
0.9120966069698839 0.36917183027577594 0.17830294244588007 -0.6434178252566213 -0.35067357483490547 0.9278212449920613 -0.12718404480865336 0.5545195996813573 -0.2123860246497712 0.05347800549959933 0.9757214148829838 0.5277513767971309
0.9780514678431695 0.014130313209343881 -0.20788376679872722 -0.6705127527324805 -0.0213777584607312 0.9992379431045523 -0.032657686742612435 0.4452733083693566 0.20726388419842073 0.0363849874095048 0.9776082114007605 -0.5934174999752868
0.9940974936234961 0.10493331817758658 0.02755307437881549 0.7019104414653276 -0.10027012355217453 0.9856247119864296 -0.13597731224178244 -0.024056709175323546 -0.041425541569360846 0.13241195511700923 0.9903287326174964 -0.711858839170803
0.9951429792160442 0.08556984831375378 -0.04866468921689171 0.6873954855815015 -0.08389082993137378 0.9958402469137895 0.035560248594573046 -0.23306818632629497 0.05150514120396915 -0.031305010561309146 0.9981819557291722 -0.6878711121458316
0.998217797785466 -0.0036338069994710093 -0.05956528881004919 0.6973918167189668 0.004961437251472356 0.9997422161021777 0.022155935626960208 -0.13367214617700615 0.05946942344376377 -0.022411978712217576 0.9979785022160893 -0.7041139192700654
0.9966087909801536 0.02341517483202192 -0.07888375833251399 0.6961317310016869 -0.020017882104636064 0.9988491092577215 0.04358602219865526 -0.17695805261589098 0.07981354607534652 -0.04185912711276517 0.9959305253581878 -0.6957632217263189
0.995279164289343 -0.03389661806272168 -0.09094176386796415 0.7096343202431084 0.04786099637761168 0.9865860458322433 0.15606825171969174 -0.32822054312412385 0.08443168929524542 -0.1596840425747318 0.9835508611097561 -0.6234504042860242
0.9766283715682459 0.1486076980048267 -0.1552828900480109 0.7235694414008075 -0.07339035403867361 0.9096096765854025 0.408930424640033 -0.6823065650721925 0.2020170284457094 -0.38797678842413463 0.8992569887757668 -0.10442707852999411
0.9948299986018958 0.04227429865784983 -0.0923371948606741 0.6976767897779446 -0.03318869812149375 0.9946519787891489 0.09780568187907447 -0.2630800836792811 0.09597804019019973 -0.09423547508140073 0.9909126556046354 -0.6663602378416978
0.9936427575314493 0.05668370295488548 -0.09726781700346449 0.6909010179579889 -0.04911845866035733 0.9957045512139814 0.07848454440585437 -0.2575537858183509 0.10129880267864921 -0.07320795387856478 0.9921588320751802 -0.6755159737528418
0.9935893151758544 0.1120467918511211 -0.01502628378038412 -0.7076807158198687 -0.1079549053236436 0.9798445398734247 0.1680786009484851 0.5247465322668171 0.03355609013190047 -0.16537894096924358 0.9856590661577418 0.4731057823897617
0.9846866336054826 0.07875097808539044 -0.15553300951661975 0.7381248732726815 -0.02095205846137077 0.9391489751347559 0.34287054955123886 -0.5716531592039398 0.1730700576209933 -0.3343613104920059 0.9264174378762171 -0.35830760113112703
0.9911390146387669 0.11866829785085159 0.05967653430014111 -0.6886249646676179 -0.11614579572677791 0.9922522715866275 -0.04410877085309722 0.6757243012282023 -0.06444848947716256 0.03678674511775967 0.9972427626148779 0.26304434372588137
0.9625320577594454 0.17691291611426296 -0.20550877815148358 -0.5802192192597119 -0.12679026204880528 0.9635382072583707 0.23562332779867293 0.6187436805958835 0.2397003697013486 -0.20073849472702848 0.9498672483561921 -0.5296243152691443
0.9740611147228981 0.17310996572905357 -0.1457322357958975 -0.6506068247085982 -0.1551846289121528 0.9797446769486279 0.12656262852922442 0.6534649573386264 0.16468963456812474 -0.10066433209491088 0.9811951979650643 -0.3869034881892669
0.9984608707121461 0.05339673912473797 -0.01498925974115295 -0.6792745285613337 -0.05466305356124157 0.9931501827484159 -0.10326986531486099 0.6060904014607916 0.009372311993524562 0.10393027834867627 0.9945404250256805 -0.41381220391002776
0.9895576328959741 0.11079216964549365 -0.09219970890713397 -0.6840404851874543 -0.10953590705971555 0.9938089507928944 0.01859178282284507 0.658670068637557 0.09368871992892988 -0.00829846185570593 0.9955669536946815 -0.3134363656398349
0.997629631614261 0.0070102701890098484 -0.06845417618430104 0.7046868037195801 0.004431040218242144 0.9861880281165711 0.16557034481492583 -0.7089158444808376 0.06866938187997969 -0.1654812053117404 0.9838193364031808 0.029237546194968676
0.997883886674869 0.03141426440329037 -0.05692883897162493 -0.6997749495391401 -0.025213865271541347 0.9939891838010129 0.10653526873606063 0.7083167991020076 0.05993337728449495 -0.10487443195839613 0.9926778650744045 -0.09274875798295197
0.9785814970620279 0.16308804940895588 -0.12562062628335396 -0.6454054840774529 -0.14076486951674727 0.9753830206555874 0.16974455669244698 0.6783080360037061 0.15021153456966352 -0.14842591133883656 0.97744884455682 -0.351212143035436
0.972935161503476 0.18468023381003928 -0.1388898223415756 -0.647562736298379 -0.13759550263334236 0.9458897947775591 0.2938706752820793 0.7058104470028422 0.18564657057237308 -0.2668064980009607 0.9457006098439298 -0.287217888473897
0.9676619926071761 0.2213150920347906 -0.12103676342806585 0.7050146272337515 -0.1600972856688394 0.909634465081071 0.38331970867429155 -0.7090937911453776 0.19493364816003278 -0.35154625581039234 0.9156506445368313 0.011847816065838224
0.9835163259747458 0.026935161163142263 0.17880193968258296 0.5843431324138283 0.005249896885004879 0.9841724394902489 -0.17713567661684823 -0.4676120573953956 -0.18074311916041275 0.17515452161142606 0.9678082549943648 0.6632360570560383
0.9521090973665634 -0.06727431168483383 0.2982657098949857 0.7199948787874045 0.17114152220990725 0.9256251155040753 -0.3375332945410614 -0.45354244583195785 -0.25337491211148677 0.3724141680110987 0.8928095213297724 0.5252681451874618
0.939043484412737 -0.010971923744696271 0.3436232693973537 0.7576026236068716 0.18005487929948555 0.8671502852206936 -0.4643604454323358 -0.5154301508681173 -0.29287808866904574 0.49792569699806627 0.8162673737486733 0.40046226324093875
0.9953198026960339 0.04710178289905498 0.0843795734100255 0.702081204772399 -0.02363857088907101 0.9653147078756397 -0.26001679316015397 -0.7102795123842295 -0.09370009779850796 0.2568052507381775 0.9619102634164228 -0.05084285783232384
0.9345635043625359 0.2737759509837453 -0.22723948815415562 -0.4524128786023786 -0.22123663233771762 0.947349258843983 0.23148160678468968 0.5479925456948507 0.2786492577156491 -0.16606056253879803 0.9459273126111836 -0.7035813791862221
0.9648667197973899 0.010266959288697503 0.26253914484203883 0.674395037809808 0.024687220283254513 0.9912728452950305 -0.12949396640531347 -0.25254127422848377 -0.26157743439010733 0.13142578030074095 0.9561927159784422 0.6938402105590026
0.9646012802602759 -0.01040938602204177 0.26350714374164746 0.7007512225625774 0.019201222763000514 0.9993407708285639 -0.03081130967968762 -0.0899947316207008 -0.26301270532931065 0.03478028813014793 0.9641652598973589 0.7077066287364923
0.9943716630853943 0.02512975439578044 0.10292468652755032 0.676081656458384 -0.015732794952300427 0.9957162028733021 -0.09111378874002571 -0.2833808236617055 -0.1047734451842437 0.08898167665076295 0.99050733788531 0.6801535874942517
0.90996169376107 0.285291000401061 -0.3009630558351751 -0.5853254746323764 -0.15608850523625328 0.9080075431214581 0.3887913067027678 0.652094081779482 0.3841953857356919 -0.30680832245018264 0.8707827276965867 -0.48183752163416843
0.9817239075300255 0.06605505990642468 -0.17847940622025749 -0.6417537715024055 -0.046450415690238 0.992636198989718 0.11187374731119337 0.6201315251993246 0.18455494646901527 -0.10153868974929364 0.9775629730190355 -0.45120836452397195
0.9929616722895055 0.007339994136639841 -0.11820846775972987 0.7066089451646357 -0.010655809603738131 0.9995665731669292 -0.027443023321261188 -0.00938977381313113 0.11795580140763695 0.028509477255755776 0.9926095096365366 -0.7075419639576573
0.980881053786176 0.1444631167085212 0.13039465569639608 -0.7006202649568278 -0.14002593469315672 0.9892298064878131 -0.042627779315746045 0.669252899782823 -0.1351484218799067 0.023554147552913213 0.9905453579702578 0.2474506020685892
0.9960625192059627 0.026850223692084167 -0.08448978234529969 -0.007071633175274088 -0.024582069369883636 0.9993119750564883 0.02777225907617331 0.7066695734047627 0.085177342636204 -0.02558597264879514 0.996037237408848 -0.7075083787688772
0.977814206583004 0.15634773544074543 0.13940861891217848 -0.640446803375525 -0.14800992780777233 0.9866206209523563 -0.06835796648471004 0.3333728701613351 -0.1482310314164625 0.04620753114090151 0.9878726767104524 0.6918745706314585
0.9920161331813357 0.0441681096112628 0.11812353534041276 -0.6606139383096585 -0.042224207102560724 0.9989291902786196 -0.018910027600755386 0.3331005248586109 -0.1188322676822684 0.013771379838953351 0.9928188360697137 0.6727802500444856
0.9944865870888548 -0.0136551763728609 0.10397097796302374 -0.5681476291556787 0.02501936920130038 0.9937492158047971 -0.10879580530571836 0.4763702240700751 -0.10183545190713561 0.11079725739194435 0.9886119099471197 0.6710288228565207
0.9990559495987252 0.041233008243513 0.013676571302021157 -0.5804042682358402 -0.04060246739994536 0.9982255538555806 -0.04355666735133934 0.4145449239476818 -0.015448275386762966 0.04296024512161484 0.9989573404939097 0.7009161087054779
0.9795766024291781 -0.10240653417017109 0.17303924911002586 0.3216712938683648 0.1904190705198836 0.7488643280476024 -0.6347777530444472 -0.6765828335114032 -0.06457753135303057 0.6547634076038968 0.7530701312011264 -0.6623920652443935
0.9978706930187217 -0.05887233491259991 -0.028073621003977672 0.6709186128916308 0.05931895507914503 0.9981210544637027 0.015349990377342387 -0.6660630664284057 0.027117182424704483 -0.016982603398913165 0.9994879937243571 -0.3259266887132125
0.8482357757939429 0.23622423610725166 0.474019175707896 -0.6216334232175418 -0.11496834659315319 0.9558054836466146 -0.2705885376594838 0.3734388639143504 -0.5169896981032449 0.1750256772779546 0.8379067157795721 0.6885603111254669
0.9504508227578687 -0.03175497663294502 0.30924885606567964 -0.6860919322599268 0.05206122388824047 0.9969795401774607 -0.05763180922717749 0.24427576014683033 -0.30648468556544356 0.07087607442981295 0.9492332271824828 0.6852789311605372
0.9149414677613663 0.20908571839092183 0.3452032342485061 -0.5815540296388605 -0.13224118095888998 0.9634330729402204 -0.23304288022499672 0.3720194231534253 -0.3813061507886739 0.16757051151654404 0.909134612167422 0.7234614429307176
0.989633491815496 0.04482857282811892 0.13644028340362202 -0.6648720072214536 -0.04783393454350632 0.9986778554271507 0.018826996189387046 0.4854676377535363 -0.13541590225359096 -0.025158301564725316 0.9904693802835228 0.5676851122826072
0.9729781594162498 0.13587027142998692 -0.18668896764540938 -0.677651884744789 -0.06774725355673855 0.940940651958281 0.33172428178812097 0.7101741322356058 0.22073470713615945 -0.31011281630056403 0.924719541391684 -0.19089427703637313
0.9908565335490189 -0.0005750891475334863 0.13491849093320862 -0.7192600164597058 -0.014381215679047793 0.9938437433540932 0.10985351351466141 0.288992534472738 -0.13415107364018597 -0.1107893635165198 0.9847482959481524 0.6317818798773885
0.998194084922103 -0.03536269452962443 -0.04855974322553361 0.7020078487562459 0.031248837494165183 0.9960587080618851 -0.08300939856035183 -0.7101684917755395 0.051303791105419494 0.08134205511107136 0.9953649537172378 -0.0533450426364382
0.9912296269433274 0.10323227371939148 0.08250408676251675 -0.5520362525890198 -0.09797172281088432 0.9930340273686148 -0.06545962127553662 0.500955136535695 -0.08868691109323579 0.05680244845773952 0.9944385921965955 0.6665582697754002
0.940462952665674 0.31950427303774226 0.11595884689830988 -0.5030543035277778 -0.27809895671178525 0.9194610343629989 -0.27794311749698153 0.6507496430050882 -0.19542365501437725 0.22914717061039208 0.9535728442348145 0.5687365557364259
0.9852905642814648 0.15500103204287502 -0.07195265112250186 -0.6675029586322103 -0.17063160749296968 0.9153855401271095 -0.3646288077628605 0.7330032387119968 0.009346574895542428 0.37154272027835983 0.9283688106274784 0.13094293510903574
0.9900171691926098 0.13712646754312102 -0.032593505534028955 0.6121723947299456 -0.13538423165152064 0.989494140626485 0.05071937978703189 -0.42797497030348114 0.03920605213457229 -0.04580041009640812 0.9981809494831194 -0.6648927612211897
0.9851594312039842 0.08443778715215719 -0.14943612418250624 0.6123939646799907 -0.07303939393424039 0.9940995493584731 0.08019559151848565 -0.352073299420046 0.15532592199488537 -0.06809071938324632 0.9855138314048721 -0.7078262667201639
0.9565121621300692 0.0348504094189267 -0.2896030605166215 0.6466142249448272 0.007327257183903119 0.9896530193678255 0.1432941469785406 -0.3089953164215065 0.2916004029479757 -0.13918459045267847 0.9463597914012927 -0.6974323899336574
0.9325939250494162 0.02363115174331057 -0.36015293921917224 0.6802051676800729 0.003444769861613739 0.99722609277803 0.07435222554345093 -0.1721709627926995 0.3609109371043285 -0.07058107784632014 0.9299255921462359 -0.7125153257526176
0.9628603951067458 -0.02727028824623462 -0.2686190442128942 0.6508341925876293 0.06473167300385604 0.9891862232633826 0.13160709029549902 -0.3059303029933428 0.2621252945539659 -0.14410741509337077 0.9542134891470062 -0.6948535841954118
0.9967243561944061 0.07475569745471186 -0.030856822048067722 0.6617849882093094 -0.07314510075819836 0.9960477325779156 0.05038559974304485 -0.3113555684951633 0.034501478286003195 -0.04796352910757168 0.9982530480151952 -0.6819811869456942
0.9530579875396803 -0.01321966682389708 0.30249911205800195 -0.7094575249144539 0.008306380321585122 0.999811955021024 0.01752308885416408 0.19770778571100567 -0.3026738780152123 -0.01418784712713303 0.9529885773508147 0.6764478189864377
0.8569195412217694 0.4031520356755967 0.321181157608747 -0.6558813515054847 -0.3444467706162281 0.9114318655395771 -0.22505194220690006 0.6054040720367696 -0.38346489028895986 0.0822215945458904 0.9198881928288934 0.45089418083252875
0.9473209288666757 0.31897501518889326 -0.028948185028149498 -0.7279126036004073 -0.3151645605898849 0.9122598713939349 -0.26163567568759727 0.670123999113505 -0.05704697607554038 0.2569763933313067 0.9647324892378563 -0.1451794315039127
0.9565104674987894 0.2749398541954694 0.09744640650235084 -0.644177249395083 -0.26603292759285796 0.959254452231509 -0.09517025433611759 0.6555582853144952 -0.1196419951422592 0.06510739166179438 0.9906799788778297 0.3940545722578333
0.9710674960748069 0.2097336187544499 0.1141916250482809 -0.6550884581323028 -0.21034764602475997 0.9776031242560043 -0.006782275189156722 0.5673285387801495 -0.11305656052988033 -0.01743389253902322 0.9934355910234398 0.49899643396263127
0.8884798534775045 -0.04721111758671698 -0.4564807338111935 0.7097148248486241 0.2039694942846885 0.9316707872480263 0.30064262769921873 -0.36661060119663813 0.41109609018554416 -0.36022306223346623 0.8374003523221751 -0.6015825250789175
0.8874228423563644 6.854588445612264e-05 -0.46095628227155405 0.714409065408441 0.2462368542919467 0.845295840583661 0.4741754458851368 -0.6032086006332036 0.38967693087037825 -0.5342985468756425 0.7501179589598018 -0.35462525485978846
0.9328325886717297 0.039731212578246106 -0.35811282057343563 0.6988896354540239 0.10915463005677029 0.9160339410535326 0.38596254426446897 -0.5696027947518992 0.3433782582650934 -0.3991281117448316 0.8501694667334483 -0.4325574339504145
0.9180845944000838 0.11364098335117195 -0.3797451835484054 0.7329664472134663 0.1189633837039743 0.8348638345318575 0.537447756650322 -0.6541488197077943 0.3781116116478499 -0.5385982776557509 0.7529565089985769 -0.1866802317712525
0.9428858249893363 0.062740210846224 -0.327154377896964 0.7298515639145857 0.11360326145972938 0.86266515908784 0.49285202878923423 -0.6547438282112252 0.3131463236569937 -0.5018689960925292 0.8062672576392931 -0.1965380728274876
0.9830338365445994 -0.10686466893650123 -0.14907856566756228 0.7063240225210979 0.11091253025597697 0.9936469243395863 0.019084034759387695 0.009208095206346389 0.14609204920399588 -0.03529493283139254 0.9886411790309995 -0.7078287831052695
0.9666706465424209 0.1592819512480938 -0.2004423136961304 0.7326713996649884 -0.05146575455476504 0.8878196329136168 0.45730468565414856 -0.6606497818111707 0.2507970040119435 -0.43174710122909987 0.8664267443695991 -0.163506837489444
0.973843466709766 0.13468620241956847 -0.18299871372362142 -0.678970156555486 -0.09427391521878564 0.9722923581564852 0.2139158693968795 0.6855525744136801 0.2067397669922895 -0.1910685666149633 0.9595579563505673 -0.26271123733444396
0.9984509024512629 5.667217032223615e-05 -0.05563984348040213 -0.680189652851223 -0.0030840787968602346 0.9985184672499026 -0.054326411798311186 0.5840981374761786 0.05555433243441327 0.054413852548501285 0.9969718395213559 -0.4429124088925392
0.7379990903912783 0.5480943259450175 -0.3936368281151083 -0.411034704870839 -0.026034571350535274 0.6060291907279616 0.7950162395072231 0.654411057248062 0.6742992982913745 -0.5764730955148638 0.4615183923434374 -0.6346626186748482
0.8324684678851411 0.39495818289938855 -0.3885926964544992 -0.5529632995308281 -0.1373087018119224 0.8265185509499644 0.545906040763697 0.6354200871439838 0.5367891302771415 -0.4010924066800365 0.7422818271518747 -0.5389553805519633
0.9530436701935028 0.13134475082188535 -0.2728668523944139 -0.6514967294282065 -0.09926270892500577 0.9867577156965078 0.12828142940534912 0.4870877142890037 0.2861025643383286 -0.09517230135363358 0.9534608307288173 -0.5816335359425764
